0.0 0.0 0.0 5.12 16.22 -6.79 1.1 0x0000FF
-1.0 0.0 3.0 0.0 0.0 0.0 1.1 0x0000FF
-1.0 -5.5 3.0 -1.0 0.0 3.0 0.85 0x0000FF
-2.0 -13.5 9.5 -1.0 -5.5 3.0 0.7 0x0000FF
-3.5 -20.5 10.5 -2.0 -13.5 9.5 0.65 0x0000FF
-5.5 -28.0 11.5 -3.5 -20.5 10.5 0.65 0x0000FF
-9.5 -34.5 17.0 -5.5 -28.0 11.5 0.45 0x0000FF
-13.5 -40.5 15.0 -9.5 -34.5 17.0 0.3 0x0000FF
-16.5 -47.5 20.5 -13.5 -40.5 15.0 0.3 0x0000FF
-20.5 -52.0 20.5 -16.5 -47.5 20.5 0.3 0x0000FF
-24.0 -56.5 20.5 -20.5 -52.0 20.5 0.3 0x0000FF
-28.5 -61.5 20.5 -24.0 -56.5 20.5 0.3 0x0000FF
-29.5 -66.5 16.0 -28.5 -61.5 20.5 0.3 0x0000FF
-25.5 -70.5 13.0 -29.5 -66.5 16.0 0.3 0x0000FF
-20.5 -75.5 10.5 -25.5 -70.5 13.0 0.3 0x0000FF
-14.5 -80.0 10.5 -20.5 -75.5 10.5 0.3 0x0000FF
-6.5 -82.0 10.5 -14.5 -80.0 10.5 0.3 0x0000FF
3.0 -85.5 6.5 -6.5 -82.0 10.5 0.3 0x0000FF
12.0 -89.5 7.5 3.0 -85.5 6.5 0.3 0x0000FF
17.5 -95.0 7.5 12.0 -89.5 7.5 0.3 0x0000FF
27.5 -102.5 8.5 17.5 -95.0 7.5 0.3 0x0000FF
38.5 -108.5 5.0 27.5 -102.5 8.5 0.3 0x0000FF
43.0 -108.5 3.0 38.5 -108.5 5.0 0.3 0x0000FF
54.0 -112.0 1.0 43.0 -108.5 3.0 0.3 0x0000FF
57.0 -115.0 -2.0 54.0 -112.0 1.0 0.3 0x0000FF
67.0 -121.5 -1.0 57.0 -115.0 -2.0 0.3 0x0000FF
81.5 -129.0 -2.0 67.0 -121.5 -1.0 0.15 0x0000FF
85.5 -130.0 -2.0 81.5 -129.0 -2.0 0.15 0x0000FF
97.0 -131.5 1.0 85.5 -130.0 -2.0 0.15 0x0000FF
107.0 -136.5 -3.0 97.0 -131.5 1.0 0.15 0x0000FF
119.5 -141.0 -5.0 107.0 -136.5 -3.0 0.15 0x0000FF
129.0 -141.0 -5.0 119.5 -141.0 -5.0 0.15 0x0000FF
139.5 -143.0 -4.0 129.0 -141.0 -5.0 0.15 0x0000FF
145.0 -144.0 -4.0 139.5 -143.0 -4.0 0.15 0x0000FF
152.5 -148.5 -2.0 145.0 -144.0 -4.0 0.15 0x0000FF
171.0 -149.0 -3.0 152.5 -148.5 -2.0 0.15 0x0000FF
187.0 -152.0 -3.0 171.0 -149.0 -3.0 0.15 0x0000FF
203.5 -155.0 -3.0 187.0 -152.0 -3.0 0.15 0x0000FF
221.0 -155.5 -5.0 203.5 -155.0 -3.0 0.15 0x0000FF
230.0 -156.0 -4.0 221.0 -155.5 -5.0 0.15 0x0000FF
232.0 -156.5 -4.0 230.0 -156.0 -4.0 0.15 0x0000FF
243.0 -156.0 -4.0 232.0 -156.5 -4.0 0.15 0x0000FF
255.0 -156.0 -4.0 243.0 -156.0 -4.0 0.15 0x0000FF
265.0 -155.0 -5.0 255.0 -156.0 -4.0 0.15 0x0000FF
277.5 -154.5 -5.0 265.0 -155.0 -5.0 0.15 0x0000FF
292.5 -157.5 -5.0 277.5 -154.5 -5.0 0.15 0x0000FF
308.0 -154.5 -4.0 292.5 -157.5 -5.0 0.15 0x0000FF
320.0 -156.5 -7.5 308.0 -154.5 -4.0 0.15 0x0000FF
329.5 -156.0 -6.5 320.0 -156.5 -7.5 0.15 0x0000FF
341.5 -152.0 -7.5 329.5 -156.0 -6.5 0.15 0x0000FF
351.0 -151.0 -5.0 341.5 -152.0 -7.5 0.15 0x0000FF
351.5 -151.5 -21.5 351.0 -151.0 -5.0 0.15 0x0000FF
7.0 44.5 -14.0 5.12 16.22 -6.79 0.85 0x0000FF
6.0 50.0 -15.0 7.0 44.5 -14.0 0.85 0x0000FF
5.5 60.0 -17.0 6.0 50.0 -15.0 0.85 0x0000FF
4.0 64.5 -19.5 5.5 60.0 -17.0 0.85 0x0000FF
2.5 68.5 -18.0 4.0 64.5 -19.5 0.85 0x0000FF
3.0 73.5 -13.0 2.5 68.5 -18.0 0.65 0x0000FF
1.5 80.5 -15.0 3.0 73.5 -13.0 0.65 0x0000FF
1.0 86.5 -11.5 1.5 80.5 -15.0 0.65 0x0000FF
-1.0 96.0 -10.5 1.0 86.5 -11.5 0.65 0x0000FF
-1.5 101.5 -11.5 -1.0 96.0 -10.5 0.55 0x0000FF
-3.0 108.0 -14.0 -1.5 101.5 -11.5 0.55 0x0000FF
-3.5 113.0 -11.5 -3.0 108.0 -14.0 0.55 0x0000FF
-4.0 119.5 -11.5 -3.5 113.0 -11.5 0.55 0x0000FF
-6.0 127.0 -11.5 -4.0 119.5 -11.5 0.55 0x0000FF
-6.5 132.5 -6.5 -6.0 127.0 -11.5 0.55 0x0000FF
-10.0 138.5 -8.5 -6.5 132.5 -6.5 0.55 0x0000FF
-11.5 142.0 -7.5 -10.0 138.5 -8.5 0.55 0x0000FF
-12.5 142.5 -7.5 -11.5 142.0 -7.5 0.55 0x0000FF
-20.0 148.5 -6.5 -12.5 142.5 -7.5 0.4 0x0000FF
-22.0 153.0 -5.0 -20.0 148.5 -6.5 0.4 0x0000FF
-23.5 159.5 -10.5 -22.0 153.0 -5.0 0.4 0x0000FF
-24.5 165.0 -13.0 -23.5 159.5 -10.5 0.4 0x0000FF
-25.0 166.5 -14.0 -24.5 165.0 -13.0 0.4 0x0000FF
-28.0 168.5 -11.5 -25.0 166.5 -14.0 0.2 0x0000FF
-32.5 172.5 -6.5 -28.0 168.5 -11.5 0.2 0x0000FF
-37.5 176.5 -7.5 -32.5 172.5 -6.5 0.2 0x0000FF
-40.5 177.0 -6.5 -37.5 176.5 -7.5 0.2 0x0000FF
-43.5 179.0 -5.0 -40.5 177.0 -6.5 0.2 0x0000FF
-49.0 181.0 -2.0 -43.5 179.0 -5.0 0.2 0x0000FF
-54.5 185.5 1.0 -49.0 181.0 -2.0 0.2 0x0000FF
-58.0 190.0 1.0 -54.5 185.5 1.0 0.2 0x0000FF
-62.0 192.0 3.0 -58.0 190.0 1.0 0.2 0x0000FF
-66.5 195.5 3.0 -62.0 192.0 3.0 0.2 0x0000FF
-70.0 199.5 2.0 -66.5 195.5 3.0 0.2 0x0000FF
-74.5 203.0 7.5 -70.0 199.5 2.0 0.2 0x0000FF
-77.0 208.0 8.5 -74.5 203.0 7.5 0.2 0x0000FF
-83.0 212.0 7.5 -77.0 208.0 8.5 0.2 0x0000FF
-87.0 217.0 7.5 -83.0 212.0 7.5 0.2 0x0000FF
-91.5 220.0 10.5 -87.0 217.0 7.5 0.2 0x0000FF
-94.5 226.5 7.5 -91.5 220.0 10.5 0.2 0x0000FF
-97.5 227.5 13.0 -94.5 226.5 7.5 0.2 0x0000FF
-97.5 227.5 11.5 -97.5 227.5 13.0 0.2 0x0000FF
-22.0 173.5 -14.0 -25.0 166.5 -14.0 0.3 0x0000FF
-21.0 179.5 -16.0 -22.0 173.5 -14.0 0.3 0x0000FF
-22.0 182.0 -16.0 -21.0 179.5 -16.0 0.3 0x0000FF
-21.0 195.0 -16.0 -22.0 182.0 -16.0 0.3 0x0000FF
-18.5 209.0 -15.0 -21.0 195.0 -16.0 0.3 0x0000FF
-17.0 219.0 -19.5 -18.5 209.0 -15.0 0.3 0x0000FF
-14.5 229.0 -20.5 -17.0 219.0 -19.5 0.3 0x0000FF
-12.5 236.0 -22.5 -14.5 229.0 -20.5 0.3 0x0000FF
-9.5 244.0 -22.5 -12.5 236.0 -22.5 0.3 0x0000FF
-6.0 255.0 -26.0 -9.5 244.0 -22.5 0.3 0x0000FF
-5.0 261.0 -27.0 -6.0 255.0 -26.0 0.3 0x0000FF
-6.5 271.5 -20.5 -5.0 261.0 -27.0 0.3 0x0000FF
-6.0 279.0 -15.0 -6.5 271.5 -20.5 0.3 0x0000FF
-4.5 284.5 -16.0 -6.0 279.0 -15.0 0.3 0x0000FF
-3.0 296.5 -15.0 -4.5 284.5 -16.0 0.3 0x0000FF
-0.5 307.0 -16.0 -3.0 296.5 -15.0 0.3 0x0000FF
0.5 314.0 -20.5 -0.5 307.0 -16.0 0.3 0x0000FF
0.0 322.0 -22.5 0.5 314.0 -20.5 0.3 0x0000FF
-0.5 329.5 -22.5 0.0 322.0 -22.5 0.3 0x0000FF
-1.0 330.0 -20.5 -0.5 329.5 -22.5 0.3 0x0000FF
-2.0 336.5 -27.0 -1.0 330.0 -20.5 0.2 0x0000FF
-4.5 347.5 -26.0 -2.0 336.5 -27.0 0.2 0x0000FF
-5.0 354.5 -27.0 -4.5 347.5 -26.0 0.2 0x0000FF
-3.0 360.5 -27.0 -5.0 354.5 -27.0 0.2 0x0000FF
-7.0 368.0 -28.0 -3.0 360.5 -27.0 0.2 0x0000FF
-6.5 378.0 -23.5 -7.0 368.0 -28.0 0.2 0x0000FF
-6.0 385.5 -23.5 -6.5 378.0 -23.5 0.2 0x0000FF
-4.0 392.5 -23.5 -6.0 385.5 -23.5 0.2 0x0000FF
-1.5 403.0 -32.5 -4.0 392.5 -23.5 0.2 0x0000FF
1.5 410.0 -33.5 -1.5 403.0 -32.5 0.2 0x0000FF
6.0 420.0 -30.0 1.5 410.0 -33.5 0.2 0x0000FF
11.0 424.5 -29.0 6.0 420.0 -30.0 0.2 0x0000FF
16.0 433.5 -24.5 11.0 424.5 -29.0 0.2 0x0000FF
22.0 441.5 -29.0 16.0 433.5 -24.5 0.2 0x0000FF
26.5 447.0 -30.0 22.0 441.5 -29.0 0.2 0x0000FF
35.0 453.5 -28.0 26.5 447.0 -30.0 0.2 0x0000FF
37.5 457.0 -22.5 35.0 453.5 -28.0 0.2 0x0000FF
38.0 458.0 -24.5 37.5 457.0 -22.5 0.2 0x0000FF
-6.5 339.0 -22.5 -1.0 330.0 -20.5 0.2 0x0000FF
-8.0 347.0 -22.5 -6.5 339.0 -22.5 0.2 0x0000FF
-9.0 355.5 -22.5 -8.0 347.0 -22.5 0.2 0x0000FF
-10.5 361.0 -22.5 -9.0 355.5 -22.5 0.2 0x0000FF
-10.5 368.0 -22.5 -10.5 361.0 -22.5 0.2 0x0000FF
-10.5 372.5 -22.5 -10.5 368.0 -22.5 0.2 0x0000FF
-11.0 378.0 -21.5 -10.5 372.5 -22.5 0.2 0x0000FF
-13.0 385.0 -20.5 -11.0 378.0 -21.5 0.2 0x0000FF
-15.0 393.0 -17.0 -13.0 385.0 -20.5 0.2 0x0000FF
-15.5 397.5 -17.0 -15.0 393.0 -17.0 0.2 0x0000FF
-17.5 404.5 -17.0 -15.5 397.5 -17.0 0.2 0x0000FF
-19.0 414.5 -19.5 -17.5 404.5 -17.0 0.2 0x0000FF
-19.0 421.0 -19.5 -19.0 414.5 -19.5 0.2 0x0000FF
-18.0 424.0 -14.0 -19.0 421.0 -19.5 0.2 0x0000FF
-17.5 431.0 -14.0 -18.0 424.0 -14.0 0.2 0x0000FF
-16.0 437.0 -14.0 -17.5 431.0 -14.0 0.2 0x0000FF
-16.0 441.5 -14.0 -16.0 437.0 -14.0 0.2 0x0000FF
-18.5 449.0 -11.5 -16.0 441.5 -14.0 0.2 0x0000FF
-19.0 456.0 -5.0 -18.5 449.0 -11.5 0.2 0x0000FF
-21.5 461.5 -3.0 -19.0 456.0 -5.0 0.2 0x0000FF
-22.0 466.0 0.0 -21.5 461.5 -3.0 0.2 0x0000FF
-23.0 472.5 3.0 -22.0 466.0 0.0 0.2 0x0000FF
-23.0 479.5 5.0 -23.0 472.5 3.0 0.2 0x0000FF
-23.0 485.0 4.0 -23.0 479.5 5.0 0.2 0x0000FF
-22.0 497.0 11.5 -23.0 485.0 4.0 0.2 0x0000FF
-18.0 502.5 10.5 -22.0 497.0 11.5 0.2 0x0000FF
-16.5 512.5 13.0 -18.0 502.5 10.5 0.2 0x0000FF
-15.5 516.5 13.0 -16.5 512.5 13.0 0.2 0x0000FF
-15.0 520.5 17.0 -15.5 516.5 13.0 0.2 0x0000FF
-13.0 525.5 21.5 -15.0 520.5 17.0 0.2 0x0000FF
-12.0 535.0 19.5 -13.0 525.5 21.5 0.2 0x0000FF
-14.5 540.0 19.5 -12.0 535.0 19.5 0.2 0x0000FF
-15.0 549.0 23.5 -14.5 540.0 19.5 0.2 0x0000FF
-24.0 503.0 10.5 -22.0 497.0 11.5 0.2 0x0000FF
-26.5 506.5 10.5 -24.0 503.0 10.5 0.2 0x0000FF
-25.0 509.5 14.0 -26.5 506.5 10.5 0.2 0x0000FF
-27.0 516.0 8.5 -25.0 509.5 14.0 0.2 0x0000FF
-24.5 524.0 11.5 -27.0 516.0 8.5 0.2 0x0000FF
-26.5 530.0 15.0 -24.5 524.0 11.5 0.2 0x0000FF
-29.5 534.0 17.0 -26.5 530.0 15.0 0.2 0x0000FF
-30.0 540.0 20.5 -29.5 534.0 17.0 0.2 0x0000FF
-30.0 546.5 23.5 -30.0 540.0 20.5 0.2 0x0000FF
-10.5 144.0 -4.0 -12.5 142.5 -7.5 0.2 0x0000FF
-13.5 146.5 -5.0 -10.5 144.0 -4.0 0.2 0x0000FF
-11.0 149.0 -6.5 -13.5 146.5 -5.0 0.2 0x0000FF
-6.5 156.0 -1.0 -11.0 149.0 -6.5 0.2 0x0000FF
-5.5 160.0 0.0 -6.5 156.0 -1.0 0.2 0x0000FF
-4.0 165.5 3.0 -5.5 160.0 0.0 0.2 0x0000FF
-3.5 169.0 8.5 -4.0 165.5 3.0 0.2 0x0000FF
-2.5 172.5 10.5 -3.5 169.0 8.5 0.2 0x0000FF
-2.0 176.5 17.0 -2.5 172.5 10.5 0.2 0x0000FF
-2.0 179.0 18.0 -2.0 176.5 17.0 0.2 0x0000FF
-2.5 180.5 18.0 -2.0 179.0 18.0 0.2 0x0000FF
0.0 181.5 19.5 -2.5 180.5 18.0 0.2 0x0000FF
0.0 182.5 19.5 0.0 181.5 19.5 0.2 0x0000FF
2.5 185.0 22.5 0.0 182.5 19.5 0.2 0x0000FF
3.0 187.5 26.0 2.5 185.0 22.5 0.2 0x0000FF
6.0 189.5 26.0 3.0 187.5 26.0 0.2 0x0000FF
7.0 193.0 34.5 6.0 189.5 26.0 0.2 0x0000FF
9.5 199.0 32.5 7.0 193.0 34.5 0.2 0x0000FF
12.0 204.0 22.5 9.5 199.0 32.5 0.2 0x0000FF
12.0 209.0 23.5 12.0 204.0 22.5 0.2 0x0000FF
13.5 215.5 23.5 12.0 209.0 23.5 0.2 0x0000FF
15.5 219.5 22.5 13.5 215.5 23.5 0.2 0x0000FF
17.5 222.5 21.5 15.5 219.5 22.5 0.2 0x0000FF
23.5 230.5 20.5 17.5 222.5 21.5 0.2 0x0000FF
24.5 235.0 22.5 23.5 230.5 20.5 0.2 0x0000FF
26.5 242.0 30.0 24.5 235.0 22.5 0.2 0x0000FF
26.0 246.5 30.0 26.5 242.0 30.0 0.2 0x0000FF
26.5 247.5 27.0 26.0 246.5 30.0 0.2 0x0000FF
1.0 190.0 18.0 0.0 182.5 19.5 0.2 0x0000FF
3.0 194.5 18.0 1.0 190.0 18.0 0.2 0x0000FF
6.5 199.0 20.5 3.0 194.5 18.0 0.2 0x0000FF
10.0 202.5 21.5 6.5 199.0 20.5 0.2 0x0000FF
12.0 206.5 20.5 10.0 202.5 21.5 0.2 0x0000FF
-13.0 148.0 -4.0 -10.5 144.0 -4.0 0.45 0x0000FF
-12.5 155.0 -4.0 -13.0 148.0 -4.0 0.4 0x0000FF
-13.0 161.5 -4.0 -12.5 155.0 -4.0 0.4 0x0000FF
-12.0 166.0 -4.0 -13.0 161.5 -4.0 0.4 0x0000FF
-13.5 167.0 -6.5 -12.0 166.0 -4.0 0.3 0x0000FF
-14.5 173.0 -1.0 -13.5 167.0 -6.5 0.3 0x0000FF
-15.0 177.5 1.0 -14.5 173.0 -1.0 0.3 0x0000FF
-16.0 180.5 2.0 -15.0 177.5 1.0 0.3 0x0000FF
-16.5 184.0 4.0 -16.0 180.5 2.0 0.3 0x0000FF
-16.5 186.0 8.5 -16.5 184.0 4.0 0.3 0x0000FF
-17.5 188.5 13.0 -16.5 186.0 8.5 0.3 0x0000FF
-19.0 190.5 15.0 -17.5 188.5 13.0 0.3 0x0000FF
-19.5 194.5 18.0 -19.0 190.5 15.0 0.3 0x0000FF
-22.0 197.5 19.5 -19.5 194.5 18.0 0.4 0x0000FF
-23.5 201.5 20.5 -22.0 197.5 19.5 0.4 0x0000FF
-25.5 206.0 22.5 -23.5 201.5 20.5 0.4 0x0000FF
-26.5 208.0 22.5 -25.5 206.0 22.5 0.3 0x0000FF
-26.0 218.0 19.5 -26.5 208.0 22.5 0.3 0x0000FF
-8.0 174.5 -2.0 -12.0 166.0 -4.0 0.4 0x0000FF
-8.5 181.5 0.0 -8.0 174.5 -2.0 0.4 0x0000FF
-9.0 192.0 8.5 -8.5 181.5 0.0 0.4 0x0000FF
-10.0 196.5 7.5 -9.0 192.0 8.5 0.4 0x0000FF
-10.0 202.5 7.5 -10.0 196.5 7.5 0.4 0x0000FF
-8.5 206.5 6.5 -10.0 202.5 7.5 0.3 0x0000FF
-8.0 211.5 6.5 -8.5 206.5 6.5 0.3 0x0000FF
-10.0 217.5 13.0 -8.0 211.5 6.5 0.3 0x0000FF
-6.5 218.5 11.5 -10.0 217.5 13.0 0.3 0x0000FF
-7.5 221.5 13.0 -6.5 218.5 11.5 0.3 0x0000FF
-9.0 224.5 9.5 -7.5 221.5 13.0 0.3 0x0000FF
-7.5 229.0 16.0 -9.0 224.5 9.5 0.3 0x0000FF
-7.5 233.5 16.0 -7.5 229.0 16.0 0.3 0x0000FF
-8.0 239.0 19.5 -7.5 233.5 16.0 0.3 0x0000FF
-9.0 247.0 21.5 -8.0 239.0 19.5 0.3 0x0000FF
-8.0 253.5 23.5 -9.0 247.0 21.5 0.3 0x0000FF
-7.0 259.0 24.5 -8.0 253.5 23.5 0.3 0x0000FF
-7.5 264.5 24.5 -7.0 259.0 24.5 0.3 0x0000FF
-7.5 270.0 26.0 -7.5 264.5 24.5 0.3 0x0000FF
-6.5 273.5 26.0 -7.5 270.0 26.0 0.3 0x0000FF
-6.0 278.0 24.5 -6.5 273.5 26.0 0.3 0x0000FF
-6.0 287.0 26.0 -6.0 278.0 24.5 0.3 0x0000FF
-6.5 291.5 24.5 -6.0 287.0 26.0 0.3 0x0000FF
-4.5 297.5 24.5 -6.5 291.5 24.5 0.3 0x0000FF
-3.0 307.0 23.5 -4.5 297.5 24.5 0.3 0x0000FF
-1.5 313.0 23.5 -3.0 307.0 23.5 0.3 0x0000FF
-1.5 324.5 26.0 -1.5 313.0 23.5 0.3 0x0000FF
-1.5 334.0 26.0 -1.5 324.5 26.0 0.3 0x0000FF
-2.0 343.0 24.5 -1.5 334.0 26.0 0.2 0x0000FF
-3.5 349.0 24.5 -2.0 343.0 24.5 0.2 0x0000FF
-4.5 356.0 26.0 -3.5 349.0 24.5 0.2 0x0000FF
-4.0 363.0 21.5 -4.5 356.0 26.0 0.2 0x0000FF
-2.5 369.5 19.5 -4.0 363.0 21.5 0.2 0x0000FF
-1.5 375.5 19.5 -2.5 369.5 19.5 0.2 0x0000FF
0.0 383.0 18.0 -1.5 375.5 19.5 0.2 0x0000FF
3.0 393.0 27.0 0.0 383.0 18.0 0.2 0x0000FF
6.5 404.5 30.0 3.0 393.0 27.0 0.2 0x0000FF
10.0 406.0 33.5 6.5 404.5 30.0 0.2 0x0000FF
13.0 411.5 36.5 10.0 406.0 33.5 0.2 0x0000FF
15.0 415.5 39.0 13.0 411.5 36.5 0.2 0x0000FF
16.5 420.5 39.0 15.0 415.5 39.0 0.2 0x0000FF
17.0 423.5 40.0 16.5 420.5 39.0 0.2 0x0000FF
16.0 425.5 44.0 17.0 423.5 40.0 0.2 0x0000FF
16.5 428.5 46.5 16.0 425.5 44.0 0.2 0x0000FF
15.5 431.0 46.5 16.5 428.5 46.5 0.2 0x0000FF
16.5 435.0 45.5 15.5 431.0 46.5 0.2 0x0000FF
16.5 435.0 44.0 16.5 435.0 45.5 0.2 0x0000FF
10.0 45.0 -15.0 5.12 16.22 -6.79 1.45 0x0000FF
13.0 50.5 -16.0 10.0 45.0 -15.0 1.3 0x0000FF
14.0 56.5 -14.0 13.0 50.5 -16.0 1.1 0x0000FF
14.5 60.5 -22.5 14.0 56.5 -14.0 1.1 0x0000FF
13.5 69.0 -33.5 14.5 60.5 -22.5 0.85 0x0000FF
15.5 77.0 -37.5 13.5 69.0 -33.5 0.85 0x0000FF
17.0 85.0 -44.0 15.5 77.0 -37.5 0.85 0x0000FF
21.0 91.5 -45.5 17.0 85.0 -44.0 0.85 0x0000FF
21.5 98.0 -45.5 21.0 91.5 -45.5 0.85 0x0000FF
22.0 102.5 -44.0 21.5 98.0 -45.5 0.85 0x0000FF
23.5 108.5 -43.0 22.0 102.5 -44.0 0.85 0x0000FF
24.5 111.5 -43.0 23.5 108.5 -43.0 0.85 0x0000FF
26.0 118.5 -41.0 24.5 111.5 -43.0 0.65 0x0000FF
26.0 123.0 -45.5 26.0 118.5 -41.0 0.45 0x0000FF
26.0 131.5 -49.5 26.0 123.0 -45.5 0.45 0x0000FF
26.5 137.0 -48.5 26.0 131.5 -49.5 0.45 0x0000FF
25.5 142.5 -49.5 26.5 137.0 -48.5 0.45 0x0000FF
25.5 146.0 -53.0 25.5 142.5 -49.5 0.45 0x0000FF
21.0 155.0 -54.0 25.5 146.0 -53.0 0.2 0x0000FF
19.0 162.0 -54.0 21.0 155.0 -54.0 0.2 0x0000FF
18.5 166.5 -55.0 19.0 162.0 -54.0 0.2 0x0000FF
17.5 172.0 -54.0 18.5 166.5 -55.0 0.2 0x0000FF
16.5 178.5 -55.0 17.5 172.0 -54.0 0.2 0x0000FF
17.0 181.0 -59.5 16.5 178.5 -55.0 0.2 0x0000FF
16.5 187.0 -61.5 17.0 181.0 -59.5 0.2 0x0000FF
15.0 195.5 -64.0 16.5 187.0 -61.5 0.2 0x0000FF
13.5 201.0 -59.5 15.0 195.5 -64.0 0.2 0x0000FF
11.0 205.0 -62.5 13.5 201.0 -59.5 0.2 0x0000FF
10.0 210.5 -66.0 11.0 205.0 -62.5 0.2 0x0000FF
7.0 216.5 -65.0 10.0 210.5 -66.0 0.2 0x0000FF
4.5 222.5 -62.5 7.0 216.5 -65.0 0.2 0x0000FF
4.0 232.5 -69.0 4.5 222.5 -62.5 0.2 0x0000FF
5.5 239.0 -67.0 4.0 232.5 -69.0 0.2 0x0000FF
5.0 245.5 -67.0 5.5 239.0 -67.0 0.2 0x0000FF
6.5 250.5 -69.0 5.0 245.5 -67.0 0.2 0x0000FF
9.0 263.5 -71.5 6.5 250.5 -69.0 0.2 0x0000FF
8.0 271.5 -73.5 9.0 263.5 -71.5 0.2 0x0000FF
9.0 275.5 -71.5 8.0 271.5 -73.5 0.2 0x0000FF
7.0 282.0 -70.5 9.0 275.5 -71.5 0.2 0x0000FF
7.0 282.0 -71.5 7.0 282.0 -70.5 0.2 0x0000FF
6.0 286.5 -71.5 7.0 282.0 -71.5 0.2 0x0000FF
3.5 294.0 -71.5 6.0 286.5 -71.5 0.2 0x0000FF
1.5 304.5 -67.0 3.5 294.0 -71.5 0.2 0x0000FF
0.0 313.5 -65.0 1.5 304.5 -67.0 0.2 0x0000FF
0.0 313.5 -66.0 0.0 313.5 -65.0 0.2 0x0000FF
9.0 293.0 -71.5 7.0 282.0 -71.5 0.2 0x0000FF
9.0 301.0 -68.0 9.0 293.0 -71.5 0.2 0x0000FF
10.0 306.5 -69.0 9.0 301.0 -68.0 0.2 0x0000FF
26.5 150.5 -57.5 25.5 146.0 -53.0 0.3 0x0000FF
28.5 156.0 -58.5 26.5 150.5 -57.5 0.3 0x0000FF
29.5 161.0 -61.5 28.5 156.0 -58.5 0.3 0x0000FF
30.0 169.5 -72.5 29.5 161.0 -61.5 0.3 0x0000FF
30.0 173.0 -74.5 30.0 169.5 -72.5 0.3 0x0000FF
28.0 182.5 -75.5 30.0 173.0 -74.5 0.3 0x0000FF
29.0 185.0 -80.0 28.0 182.5 -75.5 0.3 0x0000FF
28.0 191.0 -84.5 29.0 185.0 -80.0 0.3 0x0000FF
25.5 198.0 -87.5 28.0 191.0 -84.5 0.3 0x0000FF
22.0 205.0 -93.0 25.5 198.0 -87.5 0.3 0x0000FF
22.0 214.0 -88.5 22.0 205.0 -93.0 0.3 0x0000FF
20.0 223.5 -93.0 22.0 214.0 -88.5 0.3 0x0000FF
19.5 236.5 -101.5 20.0 223.5 -93.0 0.3 0x0000FF
21.0 243.0 -105.0 19.5 236.5 -101.5 0.3 0x0000FF
24.0 248.5 -101.5 21.0 243.0 -105.0 0.3 0x0000FF
24.5 251.0 -103.0 24.0 248.5 -101.5 0.3 0x0000FF
22.0 257.0 -104.0 24.5 251.0 -103.0 0.3 0x0000FF
18.5 267.5 -104.0 22.0 257.0 -104.0 0.3 0x0000FF
17.5 274.5 -103.0 18.5 267.5 -104.0 0.3 0x0000FF
14.0 277.5 -103.0 17.5 274.5 -103.0 0.3 0x0000FF
8.0 281.5 -105.0 14.0 277.5 -103.0 0.3 0x0000FF
4.0 287.5 -105.0 8.0 281.5 -105.0 0.3 0x0000FF
1.0 292.5 -108.5 4.0 287.5 -105.0 0.3 0x0000FF
-1.0 297.0 -109.5 1.0 292.5 -108.5 0.3 0x0000FF
-2.0 303.5 -107.0 -1.0 297.0 -109.5 0.3 0x0000FF
-2.5 305.5 -100.5 -2.0 303.5 -107.0 0.3 0x0000FF
28.5 257.5 -104.0 24.5 251.0 -103.0 0.2 0x0000FF
31.0 264.0 -106.0 28.5 257.5 -104.0 0.2 0x0000FF
33.5 267.5 -106.0 31.0 264.0 -106.0 0.2 0x0000FF
34.0 275.0 -104.0 33.5 267.5 -106.0 0.2 0x0000FF
34.5 279.5 -104.0 34.0 275.0 -104.0 0.2 0x0000FF
33.0 290.5 -100.5 34.5 279.5 -104.0 0.2 0x0000FF
33.5 297.5 -103.0 33.0 290.5 -100.5 0.2 0x0000FF
32.0 304.0 -100.5 33.5 297.5 -103.0 0.2 0x0000FF
35.5 311.0 -97.5 32.0 304.0 -100.5 0.2 0x0000FF
43.0 317.5 -99.5 35.5 311.0 -97.5 0.2 0x0000FF
48.0 322.0 -100.5 43.0 317.5 -99.5 0.2 0x0000FF
53.5 326.0 -101.5 48.0 322.0 -100.5 0.2 0x0000FF
59.0 334.0 -103.0 53.5 326.0 -101.5 0.2 0x0000FF
63.0 338.0 -104.0 59.0 334.0 -103.0 0.2 0x0000FF
66.0 346.0 -105.0 63.0 338.0 -104.0 0.2 0x0000FF
67.0 353.0 -106.0 66.0 346.0 -105.0 0.2 0x0000FF
68.0 359.5 -107.0 67.0 353.0 -106.0 0.2 0x0000FF
70.0 368.0 -107.0 68.0 359.5 -107.0 0.2 0x0000FF
69.0 374.5 -107.0 70.0 368.0 -107.0 0.2 0x0000FF
70.0 379.0 -101.5 69.0 374.5 -107.0 0.2 0x0000FF
65.0 382.5 -101.5 70.0 379.0 -101.5 0.2 0x0000FF
60.0 388.5 -100.5 65.0 382.5 -101.5 0.2 0x0000FF
57.5 393.5 -99.5 60.0 388.5 -100.5 0.2 0x0000FF
50.5 399.0 -100.5 57.5 393.5 -99.5 0.2 0x0000FF
69.5 382.0 -113.5 70.0 379.0 -101.5 0.2 0x0000FF
66.5 388.5 -116.0 69.5 382.0 -113.5 0.2 0x0000FF
63.5 392.0 -116.0 66.5 388.5 -116.0 0.2 0x0000FF
60.5 396.0 -112.5 63.5 392.0 -116.0 0.2 0x0000FF
56.0 399.5 -111.5 60.5 396.0 -112.5 0.2 0x0000FF
48.0 405.5 -110.5 56.0 399.5 -111.5 0.2 0x0000FF
30.0 126.0 -44.0 24.5 111.5 -43.0 0.45 0x0000FF
31.0 130.5 -43.0 30.0 126.0 -44.0 0.45 0x0000FF
33.0 137.5 -46.5 31.0 130.5 -43.0 0.45 0x0000FF
34.0 144.0 -45.5 33.0 137.5 -46.5 0.45 0x0000FF
34.5 147.0 -45.5 34.0 144.0 -45.5 0.45 0x0000FF
36.5 156.5 -45.5 34.5 147.0 -45.5 0.45 0x0000FF
37.0 159.0 -52.0 36.5 156.5 -45.5 0.45 0x0000FF
37.0 163.0 -52.0 37.0 159.0 -52.0 0.45 0x0000FF
40.5 170.0 -53.0 37.0 163.0 -52.0 0.3 0x0000FF
43.5 178.0 -56.0 40.5 170.0 -53.0 0.3 0x0000FF
44.5 183.5 -61.5 43.5 178.0 -56.0 0.3 0x0000FF
44.5 183.5 -62.5 44.5 183.5 -61.5 0.3 0x0000FF
49.5 192.5 -61.5 44.5 183.5 -62.5 0.2 0x0000FF
55.5 197.0 -62.5 49.5 192.5 -61.5 0.2 0x0000FF
56.5 197.5 -64.0 55.5 197.0 -62.5 0.2 0x0000FF
56.5 198.5 -64.0 56.5 197.5 -64.0 0.2 0x0000FF
58.0 204.0 -64.0 56.5 198.5 -64.0 0.2 0x0000FF
61.0 210.5 -64.0 58.0 204.0 -64.0 0.2 0x0000FF
66.0 220.5 -65.0 61.0 210.5 -64.0 0.2 0x0000FF
66.0 226.0 -65.0 66.0 220.5 -65.0 0.2 0x0000FF
62.0 229.0 -65.0 66.0 226.0 -65.0 0.2 0x0000FF
61.5 234.5 -64.0 62.0 229.0 -65.0 0.2 0x0000FF
60.5 204.0 -64.0 56.5 198.5 -64.0 0.2 0x0000FF
63.5 207.5 -62.5 60.5 204.0 -64.0 0.2 0x0000FF
70.0 216.0 -64.0 63.5 207.5 -62.5 0.2 0x0000FF
73.5 219.5 -62.5 70.0 216.0 -64.0 0.2 0x0000FF
79.5 223.5 -62.5 73.5 219.5 -62.5 0.2 0x0000FF
90.5 228.5 -61.5 79.5 223.5 -62.5 0.2 0x0000FF
99.0 235.5 -59.5 90.5 228.5 -61.5 0.2 0x0000FF
103.0 240.0 -62.5 99.0 235.5 -59.5 0.2 0x0000FF
108.0 245.0 -60.5 103.0 240.0 -62.5 0.2 0x0000FF
113.0 250.0 -79.0 108.0 245.0 -60.5 0.2 0x0000FF
44.0 193.0 -64.0 44.5 183.5 -62.5 0.4 0x0000FF
45.0 197.5 -65.0 44.0 193.0 -64.0 0.4 0x0000FF
45.0 201.0 -69.0 45.0 197.5 -65.0 0.4 0x0000FF
49.0 208.0 -69.0 45.0 201.0 -69.0 0.2 0x0000FF
51.0 214.0 -78.0 49.0 208.0 -69.0 0.2 0x0000FF
51.5 219.0 -82.0 51.0 214.0 -78.0 0.2 0x0000FF
54.5 224.0 -91.0 51.5 219.0 -82.0 0.2 0x0000FF
58.5 231.5 -84.5 54.5 224.0 -91.0 0.2 0x0000FF
59.5 237.5 -88.5 58.5 231.5 -84.5 0.2 0x0000FF
58.5 244.5 -93.0 59.5 237.5 -88.5 0.2 0x0000FF
62.0 251.5 -98.5 58.5 244.5 -93.0 0.2 0x0000FF
65.5 258.0 -124.5 62.0 251.5 -98.5 0.2 0x0000FF
41.0 212.0 -74.5 45.0 201.0 -69.0 0.3 0x0000FF
39.0 217.0 -77.0 41.0 212.0 -74.5 0.3 0x0000FF
37.0 220.5 -79.0 39.0 217.0 -77.0 0.3 0x0000FF
37.5 223.5 -75.5 37.0 220.5 -79.0 0.3 0x0000FF
35.0 233.0 -72.5 37.5 223.5 -75.5 0.3 0x0000FF
35.0 238.5 -77.0 35.0 233.0 -72.5 0.3 0x0000FF
35.0 247.0 -78.0 35.0 238.5 -77.0 0.3 0x0000FF
33.5 251.0 -82.0 35.0 247.0 -78.0 0.3 0x0000FF
33.5 257.0 -86.5 33.5 251.0 -82.0 0.3 0x0000FF
31.0 264.0 -85.5 33.5 257.0 -86.5 0.3 0x0000FF
31.0 266.0 -82.0 31.0 264.0 -85.5 0.3 0x0000FF
30.0 274.5 -85.5 31.0 266.0 -82.0 0.3 0x0000FF
32.0 281.5 -83.5 30.0 274.5 -85.5 0.3 0x0000FF
36.0 285.5 -100.5 32.0 281.5 -83.5 0.3 0x0000FF
38.0 176.5 -46.5 37.0 163.0 -52.0 0.3 0x0000FF
37.5 186.0 -40.0 38.0 176.5 -46.5 0.3 0x0000FF
37.5 189.0 -39.0 37.5 186.0 -40.0 0.3 0x0000FF
38.5 192.5 -40.0 37.5 189.0 -39.0 0.3 0x0000FF
38.0 198.0 -41.0 38.5 192.5 -40.0 0.3 0x0000FF
37.5 206.0 -44.0 38.0 198.0 -41.0 0.3 0x0000FF
36.5 213.5 -43.0 37.5 206.0 -44.0 0.3 0x0000FF
36.5 216.0 -42.0 36.5 213.5 -43.0 0.3 0x0000FF
39.0 220.0 -42.0 36.5 216.0 -42.0 0.2 0x0000FF
45.0 227.5 -47.5 39.0 220.0 -42.0 0.2 0x0000FF
49.5 233.0 -47.5 45.0 227.5 -47.5 0.2 0x0000FF
54.0 236.0 -44.0 49.5 233.0 -47.5 0.2 0x0000FF
57.0 239.0 -45.5 54.0 236.0 -44.0 0.2 0x0000FF
57.5 243.5 -46.5 57.0 239.0 -45.5 0.15 0x0000FF
63.0 252.5 -46.5 57.5 243.5 -46.5 0.15 0x0000FF
64.5 255.0 -43.0 63.0 252.5 -46.5 0.15 0x0000FF
69.5 260.5 -48.5 64.5 255.0 -43.0 0.15 0x0000FF
73.5 263.5 -46.5 69.5 260.5 -48.5 0.15 0x0000FF
64.5 250.5 -45.5 57.0 239.0 -45.5 0.15 0x0000FF
68.5 254.0 -45.5 64.5 250.5 -45.5 0.15 0x0000FF
72.0 258.5 -45.5 68.5 254.0 -45.5 0.15 0x0000FF
81.0 265.0 -44.0 72.0 258.5 -45.5 0.15 0x0000FF
84.5 269.0 -43.0 81.0 265.0 -44.0 0.15 0x0000FF
89.0 271.5 -43.0 84.5 269.0 -43.0 0.15 0x0000FF
93.0 267.5 -42.0 89.0 271.5 -43.0 0.15 0x0000FF
34.0 229.0 -44.0 36.5 216.0 -42.0 0.2 0x0000FF
31.0 235.5 -44.0 34.0 229.0 -44.0 0.2 0x0000FF
29.0 242.5 -47.5 31.0 235.5 -44.0 0.2 0x0000FF
26.0 251.5 -48.5 29.0 242.5 -47.5 0.2 0x0000FF
25.5 255.5 -50.5 26.0 251.5 -48.5 0.2 0x0000FF
25.5 261.5 -53.0 25.5 255.5 -50.5 0.2 0x0000FF
25.0 267.0 -55.0 25.5 261.5 -53.0 0.2 0x0000FF
25.0 276.0 -56.0 25.0 267.0 -55.0 0.2 0x0000FF
26.0 284.0 -57.5 25.0 276.0 -56.0 0.2 0x0000FF
27.5 291.0 -56.0 26.0 284.0 -57.5 0.2 0x0000FF
28.0 301.5 -57.5 27.5 291.0 -56.0 0.2 0x0000FF
27.5 306.5 -58.5 28.0 301.5 -57.5 0.2 0x0000FF
29.0 313.5 -58.5 27.5 306.5 -58.5 0.2 0x0000FF
29.0 320.5 -57.5 29.0 313.5 -58.5 0.2 0x0000FF
31.5 329.5 -57.5 29.0 320.5 -57.5 0.2 0x0000FF
32.0 333.5 -58.5 31.5 329.5 -57.5 0.2 0x0000FF
32.5 339.5 -58.5 32.0 333.5 -58.5 0.2 0x0000FF
33.0 345.5 -61.5 32.5 339.5 -58.5 0.2 0x0000FF
33.5 347.0 -62.5 33.0 345.5 -61.5 0.2 0x0000FF
33.5 349.5 -62.5 33.5 347.0 -62.5 0.2 0x0000FF
33.0 355.0 -64.0 33.5 349.5 -62.5 0.2 0x0000FF
33.0 363.0 -62.5 33.0 355.0 -64.0 0.2 0x0000FF
32.0 366.0 -65.0 33.0 363.0 -62.5 0.2 0x0000FF
31.5 372.5 -68.0 32.0 366.0 -65.0 0.2 0x0000FF
32.5 381.5 -68.0 31.5 372.5 -68.0 0.2 0x0000FF
34.5 387.0 -67.0 32.5 381.5 -68.0 0.2 0x0000FF
39.0 393.0 -65.0 34.5 387.0 -67.0 0.2 0x0000FF
44.0 400.5 -68.0 39.0 393.0 -65.0 0.2 0x0000FF
46.0 409.5 -61.5 44.0 400.5 -68.0 0.2 0x0000FF
49.5 420.0 -66.0 46.0 409.5 -61.5 0.2 0x0000FF
55.5 430.5 -64.0 49.5 420.0 -66.0 0.2 0x0000FF
61.5 437.0 -62.5 55.5 430.5 -64.0 0.2 0x0000FF
69.5 446.0 -66.0 61.5 437.0 -62.5 0.2 0x0000FF
74.0 451.5 -65.0 69.5 446.0 -66.0 0.2 0x0000FF
78.0 453.0 -60.5 74.0 451.5 -65.0 0.2 0x0000FF
35.5 348.0 -72.5 33.5 347.0 -62.5 0.2 0x0000FF
36.0 353.0 -71.5 35.5 348.0 -72.5 0.2 0x0000FF
37.5 362.5 -91.0 36.0 353.0 -71.5 0.2 0x0000FF
38.5 367.0 -96.5 37.5 362.5 -91.0 0.2 0x0000FF
36.5 375.5 -70.5 38.5 367.0 -96.5 0.2 0x0000FF
37.5 379.5 -70.5 36.5 375.5 -70.5 0.2 0x0000FF
37.0 389.0 -71.5 37.5 379.5 -70.5 0.2 0x0000FF
35.5 397.5 -73.5 37.0 389.0 -71.5 0.2 0x0000FF
30.5 404.0 -66.0 35.5 397.5 -73.5 0.2 0x0000FF
23.0 408.5 -71.5 30.5 404.0 -66.0 0.2 0x0000FF
17.5 415.0 -72.5 23.0 408.5 -71.5 0.2 0x0000FF
13.0 418.5 -70.5 17.5 415.0 -72.5 0.2 0x0000FF
0.5 426.5 -71.5 13.0 418.5 -70.5 0.2 0x0000FF
-11.5 433.5 -72.5 0.5 426.5 -71.5 0.2 0x0000FF
39.0 352.5 -55.0 33.0 345.5 -61.5 0.2 0x0000FF
43.0 359.0 -54.0 39.0 352.5 -55.0 0.2 0x0000FF
48.0 365.5 -58.5 43.0 359.0 -54.0 0.2 0x0000FF
48.5 370.5 -54.0 48.0 365.5 -58.5 0.2 0x0000FF
50.0 379.5 -56.0 48.5 370.5 -54.0 0.2 0x0000FF
51.5 386.0 -46.5 50.0 379.5 -56.0 0.2 0x0000FF
52.5 392.0 -40.0 51.5 386.0 -46.5 0.2 0x0000FF
57.5 401.5 -37.5 52.5 392.0 -40.0 0.2 0x0000FF
59.0 411.5 -43.0 57.5 401.5 -37.5 0.2 0x0000FF
55.0 423.0 -40.0 59.0 411.5 -43.0 0.2 0x0000FF
53.5 428.5 -35.5 55.0 423.0 -40.0 0.2 0x0000FF
49.0 434.0 -33.5 53.5 428.5 -35.5 0.2 0x0000FF
46.0 440.0 -33.5 49.0 434.0 -33.5 0.2 0x0000FF
46.5 447.0 -33.5 46.0 440.0 -33.5 0.2 0x0000FF
45.0 455.0 -34.5 46.5 447.0 -33.5 0.2 0x0000FF
43.0 460.5 -32.5 45.0 455.0 -34.5 0.2 0x0000FF
41.5 467.0 -32.5 43.0 460.5 -32.5 0.2 0x0000FF
43.0 475.5 -33.5 41.5 467.0 -32.5 0.2 0x0000FF
43.0 483.0 -31.0 43.0 475.5 -33.5 0.2 0x0000FF
44.0 489.5 -33.5 43.0 483.0 -31.0 0.2 0x0000FF
46.5 499.5 -31.0 44.0 489.5 -33.5 0.2 0x0000FF
50.0 509.5 -32.5 46.5 499.5 -31.0 0.2 0x0000FF
51.0 515.0 -36.5 50.0 509.5 -32.5 0.2 0x0000FF
50.0 519.0 -30.0 51.0 515.0 -36.5 0.2 0x0000FF
12.0 62.0 -21.5 14.5 60.5 -22.5 0.55 0x0000FF
11.5 67.5 -20.5 12.0 62.0 -21.5 0.55 0x0000FF
13.0 72.5 -21.5 11.5 67.5 -20.5 0.55 0x0000FF
13.5 76.5 -21.5 13.0 72.5 -21.5 0.55 0x0000FF
14.0 83.0 -21.5 13.5 76.5 -21.5 0.55 0x0000FF
15.0 86.0 -15.0 14.0 83.0 -21.5 0.55 0x0000FF
14.5 91.5 -11.5 15.0 86.0 -15.0 0.55 0x0000FF
13.0 94.0 -13.0 14.5 91.5 -11.5 0.55 0x0000FF
11.0 102.0 -11.5 13.0 94.0 -13.0 0.55 0x0000FF
11.0 106.0 -8.5 11.0 102.0 -11.5 0.55 0x0000FF
9.5 110.5 -8.5 11.0 106.0 -8.5 0.55 0x0000FF
9.0 112.5 -9.5 9.5 110.5 -8.5 0.55 0x0000FF
13.0 114.0 -9.5 9.0 112.5 -9.5 0.3 0x0000FF
14.5 120.5 -2.0 13.0 114.0 -9.5 0.3 0x0000FF
15.5 125.5 -2.0 14.5 120.5 -2.0 0.3 0x0000FF
17.5 130.0 -1.0 15.5 125.5 -2.0 0.3 0x0000FF
19.0 135.0 -2.0 17.5 130.0 -1.0 0.3 0x0000FF
19.0 139.5 -3.0 19.0 135.0 -2.0 0.3 0x0000FF
20.5 143.0 2.0 19.0 139.5 -3.0 0.3 0x0000FF
25.0 147.0 2.0 20.5 143.0 2.0 0.3 0x0000FF
26.5 150.0 9.5 25.0 147.0 2.0 0.3 0x0000FF
25.5 151.5 7.5 26.5 150.0 9.5 0.2 0x0000FF
26.5 155.5 8.5 25.5 151.5 7.5 0.2 0x0000FF
27.5 157.5 9.5 26.5 155.5 8.5 0.2 0x0000FF
28.0 160.5 11.5 27.5 157.5 9.5 0.2 0x0000FF
30.0 164.5 18.0 28.0 160.5 11.5 0.2 0x0000FF
32.5 166.0 21.5 30.0 164.5 18.0 0.2 0x0000FF
35.5 169.5 22.5 32.5 166.0 21.5 0.2 0x0000FF
38.0 168.5 24.5 35.5 169.5 22.5 0.2 0x0000FF
43.5 172.5 30.0 38.0 168.5 24.5 0.2 0x0000FF
45.5 174.0 30.0 43.5 172.5 30.0 0.2 0x0000FF
51.0 178.0 36.5 45.5 174.0 30.0 0.2 0x0000FF
54.5 181.0 41.0 51.0 178.0 36.5 0.2 0x0000FF
55.0 181.0 36.5 54.5 181.0 41.0 0.2 0x0000FF
30.0 154.0 8.5 26.5 150.0 9.5 0.2 0x0000FF
31.0 156.0 8.5 30.0 154.0 8.5 0.2 0x0000FF
34.0 161.0 13.0 31.0 156.0 8.5 0.2 0x0000FF
36.5 165.0 15.0 34.0 161.0 13.0 0.2 0x0000FF
43.0 170.0 19.5 36.5 165.0 15.0 0.2 0x0000FF
47.0 176.0 22.5 43.0 170.0 19.5 0.2 0x0000FF
47.5 181.5 24.5 47.0 176.0 22.5 0.2 0x0000FF
54.5 187.0 24.5 47.5 181.5 24.5 0.2 0x0000FF
57.5 194.5 20.5 54.5 187.0 24.5 0.2 0x0000FF
62.5 201.5 20.5 57.5 194.5 20.5 0.2 0x0000FF
68.0 203.5 23.5 62.5 201.5 20.5 0.2 0x0000FF
74.5 210.5 29.0 68.0 203.5 23.5 0.2 0x0000FF
79.0 215.0 28.0 74.5 210.5 29.0 0.2 0x0000FF
83.0 219.5 27.0 79.0 215.0 28.0 0.2 0x0000FF
87.0 226.5 26.0 83.0 219.5 27.0 0.2 0x0000FF
88.5 234.0 28.0 87.0 226.5 26.0 0.2 0x0000FF
93.0 239.0 32.5 88.5 234.0 28.0 0.2 0x0000FF
97.0 246.5 35.5 93.0 239.0 32.5 0.2 0x0000FF
97.0 250.0 33.5 97.0 246.5 35.5 0.2 0x0000FF
96.5 260.0 35.5 97.0 250.0 33.5 0.2 0x0000FF
6.0 123.0 -7.5 9.0 112.5 -9.5 0.3 0x0000FF
7.0 128.0 -7.5 6.0 123.0 -7.5 0.3 0x0000FF
6.5 132.0 -6.5 7.0 128.0 -7.5 0.3 0x0000FF
5.5 134.5 -7.5 6.5 132.0 -6.5 0.3 0x0000FF
9.0 141.0 -8.5 5.5 134.5 -7.5 0.3 0x0000FF
14.5 153.0 -2.0 9.0 141.0 -8.5 0.3 0x0000FF
16.5 159.0 -2.0 14.5 153.0 -2.0 0.3 0x0000FF
19.5 163.5 -1.0 16.5 159.0 -2.0 0.3 0x0000FF
20.5 169.0 -1.0 19.5 163.5 -1.0 0.3 0x0000FF
21.5 174.0 -1.0 20.5 169.0 -1.0 0.3 0x0000FF
22.5 178.0 -1.0 21.5 174.0 -1.0 0.2 0x0000FF
23.5 183.5 -1.0 22.5 178.0 -1.0 0.2 0x0000FF
24.0 187.5 -1.0 23.5 183.5 -1.0 0.2 0x0000FF
25.5 192.0 -5.0 24.0 187.5 -1.0 0.2 0x0000FF
24.5 195.5 -6.5 25.5 192.0 -5.0 0.2 0x0000FF
25.5 202.5 -8.5 24.5 195.5 -6.5 0.2 0x0000FF
27.5 209.5 -2.0 25.5 202.5 -8.5 0.2 0x0000FF
29.0 221.0 -5.0 27.5 209.5 -2.0 0.2 0x0000FF
30.5 231.0 -7.5 29.0 221.0 -5.0 0.2 0x0000FF
32.5 237.5 -9.5 30.5 231.0 -7.5 0.2 0x0000FF
33.0 244.5 -8.5 32.5 237.5 -9.5 0.2 0x0000FF
29.5 197.5 1.0 25.5 192.0 -5.0 0.2 0x0000FF
32.5 203.5 3.0 29.5 197.5 1.0 0.2 0x0000FF
34.0 207.5 6.5 32.5 203.5 3.0 0.2 0x0000FF
35.0 210.0 4.0 34.0 207.5 6.5 0.2 0x0000FF
35.0 214.5 7.5 35.0 210.0 4.0 0.2 0x0000FF
34.0 219.5 4.0 35.0 214.5 7.5 0.2 0x0000FF
37.0 223.5 9.5 34.0 219.5 4.0 0.2 0x0000FF
42.0 227.0 13.0 37.0 223.5 9.5 0.2 0x0000FF
43.0 232.0 10.5 42.0 227.0 13.0 0.2 0x0000FF
43.5 236.0 10.5 43.0 232.0 10.5 0.2 0x0000FF
45.0 242.0 10.5 43.5 236.0 10.5 0.2 0x0000FF
45.5 244.5 16.0 45.0 242.0 10.5 0.2 0x0000FF
46.5 250.5 17.0 45.5 244.5 16.0 0.2 0x0000FF
42.5 255.0 14.0 46.5 250.5 17.0 0.2 0x0000FF
34.5 265.5 6.5 42.5 255.0 14.0 0.2 0x0000FF
31.0 267.0 6.5 34.5 265.5 6.5 0.2 0x0000FF
31.0 267.0 13.0 31.0 267.0 6.5 0.2 0x0000FF
47.0 260.0 11.5 46.5 250.5 17.0 0.2 0x0000FF
49.0 266.5 11.5 47.0 260.0 11.5 0.2 0x0000FF
50.5 270.0 8.5 49.0 266.5 11.5 0.2 0x0000FF
51.0 277.5 9.5 50.5 270.0 8.5 0.2 0x0000FF
4.5 141.0 -14.0 5.5 134.5 -7.5 0.45 0x0000FF
1.5 149.0 -15.0 4.5 141.0 -14.0 0.45 0x0000FF
-0.5 156.0 -18.0 1.5 149.0 -15.0 0.45 0x0000FF
-1.0 161.0 -18.0 -0.5 156.0 -18.0 0.45 0x0000FF
-3.5 168.0 -18.0 -1.0 161.0 -18.0 0.45 0x0000FF
-6.0 179.0 -14.0 -3.5 168.0 -18.0 0.45 0x0000FF
-7.5 185.5 -16.0 -6.0 179.0 -14.0 0.45 0x0000FF
-8.5 188.0 -16.0 -7.5 185.5 -16.0 0.45 0x0000FF
-10.0 193.0 -18.0 -8.5 188.0 -16.0 0.15 0x0000FF
-12.5 198.0 -22.5 -10.0 193.0 -18.0 0.15 0x0000FF
-18.0 210.5 -22.5 -12.5 198.0 -22.5 0.15 0x0000FF
-19.5 216.0 -27.0 -18.0 210.5 -22.5 0.15 0x0000FF
-22.5 231.0 -29.0 -19.5 216.0 -27.0 0.15 0x0000FF
-22.5 232.0 -24.5 -22.5 231.0 -29.0 0.15 0x0000FF
-8.5 199.5 -18.0 -8.5 188.0 -16.0 0.4 0x0000FF
-9.5 208.0 -15.0 -8.5 199.5 -18.0 0.3 0x0000FF
-12.5 216.5 -15.0 -9.5 208.0 -15.0 0.3 0x0000FF
-16.5 226.5 -11.5 -12.5 216.5 -15.0 0.3 0x0000FF
-18.5 235.0 -14.0 -16.5 226.5 -11.5 0.3 0x0000FF
-19.5 241.5 -15.0 -18.5 235.0 -14.0 0.3 0x0000FF
-22.0 249.5 -15.0 -19.5 241.5 -15.0 0.3 0x0000FF
-27.0 259.0 -9.5 -22.0 249.5 -15.0 0.3 0x0000FF
-28.0 267.0 -9.5 -27.0 259.0 -9.5 0.3 0x0000FF
-28.5 276.0 -9.5 -28.0 267.0 -9.5 0.3 0x0000FF
-31.5 285.5 -10.5 -28.5 276.0 -9.5 0.3 0x0000FF
-35.0 296.5 -9.5 -31.5 285.5 -10.5 0.3 0x0000FF
-35.5 303.5 -9.5 -35.0 296.5 -9.5 0.3 0x0000FF
-37.0 307.5 -11.5 -35.5 303.5 -9.5 0.3 0x0000FF
-40.5 311.0 -13.0 -37.0 307.5 -11.5 0.2 0x0000FF
-47.0 318.0 -10.5 -40.5 311.0 -13.0 0.2 0x0000FF
-51.5 323.5 -11.5 -47.0 318.0 -10.5 0.2 0x0000FF
-55.0 327.0 -14.0 -51.5 323.5 -11.5 0.2 0x0000FF
-57.5 329.0 -7.5 -55.0 327.0 -14.0 0.2 0x0000FF
-62.5 335.5 -3.0 -57.5 329.0 -7.5 0.2 0x0000FF
-64.0 341.0 -2.0 -62.5 335.5 -3.0 0.2 0x0000FF
-68.0 344.5 1.0 -64.0 341.0 -2.0 0.2 0x0000FF
-69.5 347.0 4.0 -68.0 344.5 1.0 0.2 0x0000FF
-72.5 355.5 1.0 -69.5 347.0 4.0 0.2 0x0000FF
-74.0 360.5 2.0 -72.5 355.5 1.0 0.2 0x0000FF
-77.5 369.5 1.0 -74.0 360.5 2.0 0.2 0x0000FF
-79.0 377.0 -5.0 -77.5 369.5 1.0 0.2 0x0000FF
-81.5 383.5 -8.5 -79.0 377.0 -5.0 0.2 0x0000FF
-34.5 313.0 -14.0 -37.0 307.5 -11.5 0.3 0x0000FF
-33.0 321.0 -11.5 -34.5 313.0 -14.0 0.3 0x0000FF
-31.0 330.5 -18.0 -33.0 321.0 -11.5 0.3 0x0000FF
-30.0 338.0 -23.5 -31.0 330.5 -18.0 0.3 0x0000FF
-30.0 343.0 -27.0 -30.0 338.0 -23.5 0.3 0x0000FF
-29.5 353.5 -27.0 -30.0 343.0 -27.0 0.3 0x0000FF
-28.0 358.5 -28.0 -29.5 353.5 -27.0 0.3 0x0000FF
-28.0 364.0 -26.0 -28.0 358.5 -28.0 0.3 0x0000FF
-27.5 368.0 -26.0 -28.0 364.0 -26.0 0.3 0x0000FF
-28.0 376.5 -31.0 -27.5 368.0 -26.0 0.3 0x0000FF
-27.0 381.5 -33.5 -28.0 376.5 -31.0 0.3 0x0000FF
-26.0 388.0 -36.5 -27.0 381.5 -33.5 0.3 0x0000FF
-24.5 393.5 -32.5 -26.0 388.0 -36.5 0.3 0x0000FF
-21.0 400.0 -35.5 -24.5 393.5 -32.5 0.15 0x0000FF
-15.0 410.5 -34.5 -21.0 400.0 -35.5 0.15 0x0000FF
-8.0 424.5 -34.5 -15.0 410.5 -34.5 0.15 0x0000FF
-3.0 431.0 -34.5 -8.0 424.5 -34.5 0.15 0x0000FF
3.0 440.0 -37.5 -3.0 431.0 -34.5 0.15 0x0000FF
9.5 444.5 -37.5 3.0 440.0 -37.5 0.15 0x0000FF
14.0 450.5 -36.5 9.5 444.5 -37.5 0.15 0x0000FF
21.5 453.0 -36.5 14.0 450.5 -36.5 0.15 0x0000FF
31.5 457.0 -36.5 21.5 453.0 -36.5 0.15 0x0000FF
41.0 465.0 -35.5 31.5 457.0 -36.5 0.15 0x0000FF
43.0 467.0 -40.0 41.0 465.0 -35.5 0.15 0x0000FF
-24.0 395.0 -33.5 -24.5 393.5 -32.5 0.2 0x0000FF
-26.0 401.0 -32.5 -24.0 395.0 -33.5 0.2 0x0000FF
-26.0 408.0 -30.0 -26.0 401.0 -32.5 0.2 0x0000FF
-27.5 413.0 -28.0 -26.0 408.0 -30.0 0.2 0x0000FF
-30.5 416.0 -37.5 -27.5 413.0 -28.0 0.2 0x0000FF
-34.0 422.5 -35.5 -30.5 416.0 -37.5 0.2 0x0000FF
-37.5 428.5 -43.0 -34.0 422.5 -35.5 0.2 0x0000FF
-41.5 432.0 -48.5 -37.5 428.5 -43.0 0.2 0x0000FF
-49.5 447.5 -46.5 -41.5 432.0 -48.5 0.2 0x0000FF
-54.5 455.5 -46.5 -49.5 447.5 -46.5 0.2 0x0000FF
-59.0 465.0 -43.0 -54.5 455.5 -46.5 0.2 0x0000FF
-63.0 472.0 -44.0 -59.0 465.0 -43.0 0.2 0x0000FF
-81.0 495.0 -45.5 -63.0 472.0 -44.0 0.2 0x0000FF
-83.5 497.5 -45.5 -81.0 495.0 -45.5 0.2 0x0000FF
-25.5 418.5 -33.5 -27.5 413.0 -28.0 0.2 0x0000FF
-25.5 434.5 -34.5 -25.5 418.5 -33.5 0.2 0x0000FF
-23.5 441.0 -37.5 -25.5 434.5 -34.5 0.2 0x0000FF
-24.0 452.0 -36.5 -23.5 441.0 -37.5 0.2 0x0000FF
-21.0 460.5 -43.0 -24.0 452.0 -36.5 0.2 0x0000FF
-21.5 469.5 -43.0 -21.0 460.5 -43.0 0.2 0x0000FF
-23.0 482.0 -45.5 -21.5 469.5 -43.0 0.2 0x0000FF
-22.5 490.0 -43.0 -23.0 482.0 -45.5 0.2 0x0000FF
-21.5 506.0 -40.0 -22.5 490.0 -43.0 0.2 0x0000FF
-21.0 517.5 -43.0 -21.5 506.0 -40.0 0.2 0x0000FF
-19.0 531.5 -45.5 -21.0 517.5 -43.0 0.2 0x0000FF
-19.0 546.5 -46.5 -19.0 531.5 -45.5 0.2 0x0000FF
-19.0 552.0 -46.5 -19.0 546.5 -46.5 0.2 0x0000FF
-21.5 404.5 -26.0 -24.0 395.0 -33.5 0.2 0x0000FF
-19.5 411.0 -23.5 -21.5 404.5 -26.0 0.2 0x0000FF
-17.0 417.5 -19.5 -19.5 411.0 -23.5 0.2 0x0000FF
-16.5 422.5 -15.0 -17.0 417.5 -19.5 0.2 0x0000FF
-13.0 432.5 -15.0 -16.5 422.5 -15.0 0.2 0x0000FF
-11.5 438.5 -16.0 -13.0 432.5 -15.0 0.2 0x0000FF
-13.0 448.5 -10.5 -11.5 438.5 -16.0 0.2 0x0000FF
-10.0 454.0 -7.5 -13.0 448.5 -10.5 0.2 0x0000FF
-5.5 460.0 -1.0 -10.0 454.0 -7.5 0.2 0x0000FF
-1.0 465.5 0.0 -5.5 460.0 -1.0 0.2 0x0000FF
3.0 470.5 0.0 -1.0 465.5 0.0 0.2 0x0000FF
8.5 482.5 5.0 3.0 470.5 0.0 0.2 0x0000FF
13.0 489.5 10.5 8.5 482.5 5.0 0.2 0x0000FF
19.0 500.0 14.0 13.0 489.5 10.5 0.2 0x0000FF
22.5 503.5 14.0 19.0 500.0 14.0 0.2 0x0000FF
25.0 508.5 14.0 22.5 503.5 14.0 0.2 0x0000FF
25.5 511.0 15.0 25.0 508.5 14.0 0.2 0x0000FF
13.5 8.0 -10.5 5.12 16.22 -6.79 2.75 0x0000FF
18.5 5.0 -9.5 13.5 8.0 -10.5 1.8 0x0000FF
25.0 0.0 -15.0 18.5 5.0 -9.5 1.1 0x0000FF
27.5 1.5 -16.0 25.0 0.0 -15.0 0.3 0x0000FF
35.0 0.0 -17.0 27.5 1.5 -16.0 0.3 0x0000FF
41.0 0.0 -21.5 35.0 0.0 -17.0 0.3 0x0000FF
46.5 -1.0 -26.0 41.0 0.0 -21.5 0.3 0x0000FF
54.0 -1.5 -24.5 46.5 -1.0 -26.0 0.3 0x0000FF
60.0 -2.5 -24.5 54.0 -1.5 -24.5 0.3 0x0000FF
70.0 -4.0 -28.0 60.0 -2.5 -24.5 0.2 0x0000FF
77.0 -6.5 -30.0 70.0 -4.0 -28.0 0.2 0x0000FF
87.0 -10.5 -33.5 77.0 -6.5 -30.0 0.2 0x0000FF
94.0 -11.5 -39.0 87.0 -10.5 -33.5 0.2 0x0000FF
100.0 -15.0 -42.0 94.0 -11.5 -39.0 0.2 0x0000FF
110.5 -19.5 -43.0 100.0 -15.0 -42.0 0.2 0x0000FF
113.5 -24.5 -41.0 110.5 -19.5 -43.0 0.2 0x0000FF
117.0 -27.5 -37.5 113.5 -24.5 -41.0 0.2 0x0000FF
120.0 -33.5 -36.5 117.0 -27.5 -37.5 0.2 0x0000FF
123.0 -39.5 -35.5 120.0 -33.5 -36.5 0.2 0x0000FF
126.5 -43.0 -36.5 123.0 -39.5 -35.5 0.2 0x0000FF
131.5 -43.5 -37.5 126.5 -43.0 -36.5 0.2 0x0000FF
136.0 -46.0 -36.5 131.5 -43.5 -37.5 0.2 0x0000FF
140.0 -46.5 -36.5 136.0 -46.0 -36.5 0.2 0x0000FF
142.0 -50.5 -39.0 140.0 -46.5 -36.5 0.2 0x0000FF
147.0 -53.0 -40.0 142.0 -50.5 -39.0 0.2 0x0000FF
154.5 -57.5 -34.5 147.0 -53.0 -40.0 0.2 0x0000FF
162.0 -61.0 -36.5 154.5 -57.5 -34.5 0.2 0x0000FF
168.0 -65.0 -37.5 162.0 -61.0 -36.5 0.2 0x0000FF
176.0 -71.0 -40.0 168.0 -65.0 -37.5 0.2 0x0000FF
180.5 -70.5 -42.0 176.0 -71.0 -40.0 0.2 0x0000FF
186.0 -70.5 -42.0 180.5 -70.5 -42.0 0.2 0x0000FF
190.5 -71.0 -42.0 186.0 -70.5 -42.0 0.2 0x0000FF
30.0 -1.5 -9.5 27.5 1.5 -16.0 0.85 0x0000FF
33.5 -3.5 -8.5 30.0 -1.5 -9.5 0.85 0x0000FF
40.5 -4.5 -11.5 33.5 -3.5 -8.5 0.3 0x0000FF
46.0 -6.5 -4.0 40.5 -4.5 -11.5 0.3 0x0000FF
54.0 -6.5 -6.5 46.0 -6.5 -4.0 0.2 0x0000FF
62.5 -6.5 -6.5 54.0 -6.5 -6.5 0.2 0x0000FF
68.0 -8.0 -6.5 62.5 -6.5 -6.5 0.2 0x0000FF
75.5 -8.0 -7.5 68.0 -8.0 -6.5 0.2 0x0000FF
84.0 -8.5 -9.5 75.5 -8.0 -7.5 0.2 0x0000FF
91.5 -10.0 -7.5 84.0 -8.5 -9.5 0.2 0x0000FF
97.5 -10.0 -7.5 91.5 -10.0 -7.5 0.2 0x0000FF
103.0 -8.5 -6.5 97.5 -10.0 -7.5 0.2 0x0000FF
106.5 -7.5 -7.5 103.0 -8.5 -6.5 0.2 0x0000FF
114.0 -5.5 -6.5 106.5 -7.5 -7.5 0.2 0x0000FF
120.5 -7.0 -6.5 114.0 -5.5 -6.5 0.2 0x0000FF
126.0 -8.5 -4.0 120.5 -7.0 -6.5 0.2 0x0000FF
132.5 -12.0 -1.0 126.0 -8.5 -4.0 0.2 0x0000FF
46.0 -8.5 -2.0 46.0 -6.5 -4.0 0.2 0x0000FF
50.0 -9.0 -3.0 46.0 -8.5 -2.0 0.2 0x0000FF
53.0 -11.0 1.0 50.0 -9.0 -3.0 0.2 0x0000FF
55.5 -14.0 -2.0 53.0 -11.0 1.0 0.2 0x0000FF
62.0 -16.0 2.0 55.5 -14.0 -2.0 0.2 0x0000FF
66.5 -20.0 3.0 62.0 -16.0 2.0 0.2 0x0000FF
70.0 -24.0 11.5 66.5 -20.0 3.0 0.2 0x0000FF
71.0 -28.0 18.0 70.0 -24.0 11.5 0.2 0x0000FF
72.5 -30.5 20.5 71.0 -28.0 18.0 0.2 0x0000FF
75.5 -33.5 23.5 72.5 -30.5 20.5 0.2 0x0000FF
81.5 -35.0 28.0 75.5 -33.5 23.5 0.2 0x0000FF
86.0 -34.0 33.5 81.5 -35.0 28.0 0.2 0x0000FF
88.5 -35.5 36.5 86.0 -34.0 33.5 0.2 0x0000FF
95.5 -38.5 35.5 88.5 -35.5 36.5 0.2 0x0000FF
99.5 -42.5 32.5 95.5 -38.5 35.5 0.2 0x0000FF
102.5 -47.5 33.5 99.5 -42.5 32.5 0.2 0x0000FF
105.0 -50.5 34.5 102.5 -47.5 33.5 0.2 0x0000FF
108.5 -53.0 33.5 105.0 -50.5 34.5 0.2 0x0000FF
109.5 -60.5 36.5 108.5 -53.0 33.5 0.2 0x0000FF
115.0 -63.0 37.5 109.5 -60.5 36.5 0.2 0x0000FF
119.0 -67.5 41.0 115.0 -63.0 37.5 0.2 0x0000FF
123.5 -73.5 42.0 119.0 -67.5 41.0 0.2 0x0000FF
124.5 -84.0 43.0 123.5 -73.5 42.0 0.2 0x0000FF
127.0 -87.5 42.0 124.5 -84.0 43.0 0.2 0x0000FF
128.5 -93.5 44.0 127.0 -87.5 42.0 0.2 0x0000FF
131.0 -100.0 44.0 128.5 -93.5 44.0 0.2 0x0000FF
137.0 -115.5 48.5 131.0 -100.0 44.0 0.2 0x0000FF
60.5 -22.0 -2.0 50.0 -9.0 -3.0 0.2 0x0000FF
71.5 -39.0 -4.0 60.5 -22.0 -2.0 0.2 0x0000FF
76.5 -45.0 0.0 71.5 -39.0 -4.0 0.2 0x0000FF
82.0 -52.5 1.0 76.5 -45.0 0.0 0.2 0x0000FF
90.0 -63.0 1.0 82.0 -52.5 1.0 0.2 0x0000FF
93.5 -69.5 6.5 90.0 -63.0 1.0 0.2 0x0000FF
97.0 -79.0 6.5 93.5 -69.5 6.5 0.2 0x0000FF
101.5 -90.0 8.5 97.0 -79.0 6.5 0.2 0x0000FF
107.0 -98.0 13.0 101.5 -90.0 8.5 0.2 0x0000FF
113.0 -105.5 13.0 107.0 -98.0 13.0 0.2 0x0000FF
115.5 -113.0 10.5 113.0 -105.5 13.0 0.2 0x0000FF
118.5 -120.0 18.0 115.5 -113.0 10.5 0.2 0x0000FF
124.5 -127.5 21.5 118.5 -120.0 18.0 0.2 0x0000FF
128.5 -131.5 15.0 124.5 -127.5 21.5 0.2 0x0000FF
131.5 -136.5 15.0 128.5 -131.5 15.0 0.2 0x0000FF
137.5 -140.5 21.5 131.5 -136.5 15.0 0.2 0x0000FF
139.5 -145.0 21.5 137.5 -140.5 21.5 0.2 0x0000FF
143.0 -148.5 26.0 139.5 -145.0 21.5 0.2 0x0000FF
37.5 -9.0 -16.0 33.5 -3.5 -8.5 0.3 0x0000FF
38.5 -11.5 -16.0 37.5 -9.0 -16.0 0.3 0x0000FF
41.5 -14.5 -19.5 38.5 -11.5 -16.0 0.2 0x0000FF
45.0 -19.0 -19.5 41.5 -14.5 -19.5 0.2 0x0000FF
49.0 -23.0 -19.5 45.0 -19.0 -19.5 0.2 0x0000FF
54.5 -29.5 -22.5 49.0 -23.0 -19.5 0.2 0x0000FF
61.5 -34.5 -24.5 54.5 -29.5 -22.5 0.2 0x0000FF
66.0 -37.0 -29.0 61.5 -34.5 -24.5 0.2 0x0000FF
71.5 -39.5 -28.0 66.0 -37.0 -29.0 0.2 0x0000FF
77.0 -45.5 -33.5 71.5 -39.5 -28.0 0.2 0x0000FF
79.5 -49.5 -34.5 77.0 -45.5 -33.5 0.2 0x0000FF
86.0 -51.5 -33.5 79.5 -49.5 -34.5 0.2 0x0000FF
93.5 -56.5 -39.0 86.0 -51.5 -33.5 0.2 0x0000FF
97.0 -58.5 -43.0 93.5 -56.5 -39.0 0.2 0x0000FF
102.0 -60.0 -47.5 97.0 -58.5 -43.0 0.2 0x0000FF
118.0 -67.5 -49.5 102.0 -60.0 -47.5 0.2 0x0000FF
127.5 -71.0 -47.5 118.0 -67.5 -49.5 0.2 0x0000FF
133.5 -73.5 -54.0 127.5 -71.0 -47.5 0.2 0x0000FF
139.0 -76.0 -59.5 133.5 -73.5 -54.0 0.2 0x0000FF
142.5 -81.0 -59.5 139.0 -76.0 -59.5 0.2 0x0000FF
150.0 -87.5 -64.0 142.5 -81.0 -59.5 0.2 0x0000FF
155.0 -91.5 -66.0 150.0 -87.5 -64.0 0.2 0x0000FF
161.0 -95.5 -68.0 155.0 -91.5 -66.0 0.2 0x0000FF
175.0 -101.0 -73.5 161.0 -95.5 -68.0 0.2 0x0000FF
185.5 -107.0 -72.5 175.0 -101.0 -73.5 0.2 0x0000FF
193.5 -114.0 -74.5 185.5 -107.0 -72.5 0.2 0x0000FF
200.5 -121.5 -70.5 193.5 -114.0 -74.5 0.2 0x0000FF
204.0 -122.5 -75.5 200.5 -121.5 -70.5 0.2 0x0000FF
39.5 -17.0 -13.0 38.5 -11.5 -16.0 0.2 0x0000FF
42.5 -22.0 -10.5 39.5 -17.0 -13.0 0.2 0x0000FF
48.5 -26.0 -10.5 42.5 -22.0 -10.5 0.2 0x0000FF
48.5 -28.0 -13.0 48.5 -26.0 -10.5 0.2 0x0000FF
52.0 -29.5 -11.5 48.5 -28.0 -13.0 0.2 0x0000FF
54.5 -36.5 -10.5 52.0 -29.5 -11.5 0.2 0x0000FF
57.5 -44.0 -6.5 54.5 -36.5 -10.5 0.2 0x0000FF
59.0 -51.0 -6.5 57.5 -44.0 -6.5 0.2 0x0000FF
61.0 -57.0 -5.0 59.0 -51.0 -6.5 0.2 0x0000FF
65.5 -65.5 -7.5 61.0 -57.0 -5.0 0.2 0x0000FF
67.5 -70.5 -6.5 65.5 -65.5 -7.5 0.2 0x0000FF
73.5 -80.5 0.0 67.5 -70.5 -6.5 0.2 0x0000FF
77.0 -88.0 -1.0 73.5 -80.5 0.0 0.2 0x0000FF
81.0 -98.5 4.0 77.0 -88.0 -1.0 0.2 0x0000FF
87.0 -105.5 4.0 81.0 -98.5 4.0 0.2 0x0000FF
90.5 -110.5 6.5 87.0 -105.5 4.0 0.2 0x0000FF
95.5 -116.5 9.5 90.5 -110.5 6.5 0.2 0x0000FF
96.0 -123.5 7.5 95.5 -116.5 9.5 0.2 0x0000FF
100.0 -132.5 10.5 96.0 -123.5 7.5 0.2 0x0000FF
105.5 -140.5 4.0 100.0 -132.5 10.5 0.2 0x0000FF
109.5 -144.5 14.0 105.5 -140.5 4.0 0.2 0x0000FF
115.5 -149.5 13.0 109.5 -144.5 14.0 0.2 0x0000FF
57.5 -36.0 -16.0 52.0 -29.5 -11.5 0.2 0x0000FF
66.0 -43.5 -16.0 57.5 -36.0 -16.0 0.2 0x0000FF
72.5 -51.5 -16.0 66.0 -43.5 -16.0 0.2 0x0000FF
77.5 -58.0 -16.0 72.5 -51.5 -16.0 0.2 0x0000FF
84.0 -65.0 -15.0 77.5 -58.0 -16.0 0.2 0x0000FF
91.0 -72.0 -14.0 84.0 -65.0 -15.0 0.2 0x0000FF
95.0 -76.0 -16.0 91.0 -72.0 -14.0 0.2 0x0000FF
101.5 -88.0 -16.0 95.0 -76.0 -16.0 0.2 0x0000FF
105.0 -93.5 -16.0 101.5 -88.0 -16.0 0.2 0x0000FF
109.0 -99.0 -16.0 105.0 -93.5 -16.0 0.2 0x0000FF
117.0 -112.5 -10.5 109.0 -99.0 -16.0 0.2 0x0000FF
120.0 -119.0 -10.5 117.0 -112.5 -10.5 0.2 0x0000FF
123.0 -123.5 -10.5 120.0 -119.0 -10.5 0.2 0x0000FF
125.0 -127.5 -10.5 123.0 -123.5 -10.5 0.2 0x0000FF
8.0 -3.0 -21.5 5.12 16.22 -6.79 1.6 0x0000FF
8.0 -7.0 -20.5 8.0 -3.0 -21.5 1.6 0x0000FF
8.0 -11.0 -26.0 8.0 -7.0 -20.5 1.3 0x0000FF
6.0 -13.0 -34.5 8.0 -11.0 -26.0 0.55 0x0000FF
4.0 -17.0 -35.5 6.0 -13.0 -34.5 0.4 0x0000FF
1.5 -21.0 -30.0 4.0 -17.0 -35.5 0.4 0x0000FF
-1.5 -24.0 -32.5 1.5 -21.0 -30.0 0.4 0x0000FF
-3.5 -27.0 -37.5 -1.5 -24.0 -32.5 0.4 0x0000FF
-7.0 -32.0 -39.0 -3.5 -27.0 -37.5 0.4 0x0000FF
-9.5 -35.0 -40.0 -7.0 -32.0 -39.0 0.3 0x0000FF
-11.0 -39.0 -44.0 -9.5 -35.0 -40.0 0.3 0x0000FF
-14.5 -42.5 -45.5 -11.0 -39.0 -44.0 0.3 0x0000FF
-16.5 -45.0 -54.0 -14.5 -42.5 -45.5 0.3 0x0000FF
-18.0 -50.5 -56.0 -16.5 -45.0 -54.0 0.3 0x0000FF
-24.0 -55.0 -58.5 -18.0 -50.5 -56.0 0.3 0x0000FF
-22.5 -55.5 -58.5 -24.0 -55.0 -58.5 0.3 0x0000FF
-30.0 -64.0 -58.5 -22.5 -55.5 -58.5 0.3 0x0000FF
-35.5 -72.5 -58.5 -30.0 -64.0 -58.5 0.2 0x0000FF
-38.0 -76.0 -57.5 -35.5 -72.5 -58.5 0.2 0x0000FF
-40.5 -82.0 -60.5 -38.0 -76.0 -57.5 0.2 0x0000FF
-44.0 -86.0 -66.0 -40.5 -82.0 -60.5 0.2 0x0000FF
-47.0 -93.5 -65.0 -44.0 -86.0 -66.0 0.2 0x0000FF
-50.0 -97.0 -67.0 -47.0 -93.5 -65.0 0.2 0x0000FF
-53.0 -102.5 -70.5 -50.0 -97.0 -67.0 0.2 0x0000FF
-55.0 -106.0 -73.5 -53.0 -102.5 -70.5 0.2 0x0000FF
-59.5 -109.5 -74.5 -55.0 -106.0 -73.5 0.2 0x0000FF
-60.5 -113.5 -75.5 -59.5 -109.5 -74.5 0.2 0x0000FF
-64.0 -117.0 -81.0 -60.5 -113.5 -75.5 0.2 0x0000FF
-67.5 -123.0 -80.0 -64.0 -117.0 -81.0 0.2 0x0000FF
-70.5 -127.0 -81.0 -67.5 -123.0 -80.0 0.2 0x0000FF
-74.0 -129.5 -78.0 -70.5 -127.0 -81.0 0.2 0x0000FF
-24.0 -62.0 -64.0 -22.5 -55.5 -58.5 0.2 0x0000FF
-25.5 -69.5 -61.5 -24.0 -62.0 -64.0 0.2 0x0000FF
-31.0 -75.0 -67.0 -25.5 -69.5 -61.5 0.2 0x0000FF
-34.5 -81.0 -68.0 -31.0 -75.0 -67.0 0.2 0x0000FF
-40.5 -89.5 -69.0 -34.5 -81.0 -68.0 0.2 0x0000FF
-45.0 -97.0 -74.5 -40.5 -89.5 -69.0 0.2 0x0000FF
-50.5 -105.0 -74.5 -45.0 -97.0 -74.5 0.2 0x0000FF
-56.5 -116.0 -81.0 -50.5 -105.0 -74.5 0.2 0x0000FF
-64.5 -129.5 -84.5 -56.5 -116.0 -81.0 0.2 0x0000FF
-68.5 -137.0 -92.0 -64.5 -129.5 -84.5 0.2 0x0000FF
-69.5 -140.0 -103.0 -68.5 -137.0 -92.0 0.2 0x0000FF
8.0 -13.0 -17.0 8.0 -11.0 -26.0 0.65 0x0000FF
12.0 -23.5 -14.0 8.0 -13.0 -17.0 0.3 0x0000FF
13.0 -33.0 -13.0 12.0 -23.5 -14.0 0.3 0x0000FF
13.5 -41.5 -17.0 13.0 -33.0 -13.0 0.3 0x0000FF
15.0 -48.0 -17.0 13.5 -41.5 -17.0 0.3 0x0000FF
16.5 -53.0 -20.5 15.0 -48.0 -17.0 0.3 0x0000FF
20.5 -61.5 -19.5 16.5 -53.0 -20.5 0.2 0x0000FF
21.5 -70.5 -21.5 20.5 -61.5 -19.5 0.2 0x0000FF
24.5 -79.0 -21.5 21.5 -70.5 -21.5 0.2 0x0000FF
26.5 -85.0 -22.5 24.5 -79.0 -21.5 0.2 0x0000FF
27.5 -90.0 -22.5 26.5 -85.0 -22.5 0.2 0x0000FF
30.0 -96.0 -21.5 27.5 -90.0 -22.5 0.2 0x0000FF
31.0 -102.5 -27.0 30.0 -96.0 -21.5 0.2 0x0000FF
33.0 -111.5 -27.0 31.0 -102.5 -27.0 0.2 0x0000FF
37.0 -116.5 -27.0 33.0 -111.5 -27.0 0.2 0x0000FF
38.5 -120.5 -21.5 37.0 -116.5 -27.0 0.2 0x0000FF
44.0 -128.5 -26.0 38.5 -120.5 -21.5 0.2 0x0000FF
48.0 -136.0 -29.0 44.0 -128.5 -26.0 0.2 0x0000FF
50.5 -141.0 -28.0 48.0 -136.0 -29.0 0.2 0x0000FF
51.0 -148.0 -27.0 50.5 -141.0 -28.0 0.2 0x0000FF
37.5 -109.0 -23.5 30.0 -96.0 -21.5 0.2 0x0000FF
41.5 -114.0 -23.5 37.5 -109.0 -23.5 0.2 0x0000FF
47.0 -119.5 -21.5 41.5 -114.0 -23.5 0.2 0x0000FF
53.5 -124.0 -22.5 47.0 -119.5 -21.5 0.2 0x0000FF
59.0 -129.0 -26.0 53.5 -124.0 -22.5 0.2 0x0000FF
66.0 -134.5 -26.0 59.0 -129.0 -26.0 0.2 0x0000FF
68.5 -137.0 -26.0 66.0 -134.5 -26.0 0.2 0x0000FF
73.5 -141.5 -26.0 68.5 -137.0 -26.0 0.2 0x0000FF
79.0 -150.5 -26.0 73.5 -141.5 -26.0 0.2 0x0000FF
81.5 -154.5 -26.0 79.0 -150.5 -26.0 0.2 0x0000FF
16.0 -56.5 -15.0 16.5 -53.0 -20.5 0.2 0x0000FF
17.5 -63.5 -15.0 16.0 -56.5 -15.0 0.2 0x0000FF
19.0 -66.0 -15.0 17.5 -63.5 -15.0 0.2 0x0000FF
16.5 -70.0 -13.0 19.0 -66.0 -15.0 0.2 0x0000FF
12.5 -78.0 -13.0 16.5 -70.0 -13.0 0.2 0x0000FF
11.0 -83.5 -9.5 12.5 -78.0 -13.0 0.2 0x0000FF
10.0 -90.5 -4.0 11.0 -83.5 -9.5 0.2 0x0000FF
8.5 -96.5 -1.0 10.0 -90.5 -4.0 0.2 0x0000FF
7.0 -103.0 1.0 8.5 -96.5 -1.0 0.2 0x0000FF
6.5 -114.0 0.0 7.0 -103.0 1.0 0.2 0x0000FF
5.5 -122.5 2.0 6.5 -114.0 0.0 0.2 0x0000FF
4.0 -129.0 3.0 5.5 -122.5 2.0 0.2 0x0000FF
2.5 -134.5 4.0 4.0 -129.0 3.0 0.2 0x0000FF
0.5 -141.0 0.0 2.5 -134.5 4.0 0.2 0x0000FF
0.0 -145.5 1.0 0.5 -141.0 0.0 0.2 0x0000FF
-0.5 -151.0 1.0 0.0 -145.5 1.0 0.2 0x0000FF
-1.5 -158.0 4.0 -0.5 -151.0 1.0 0.2 0x0000FF
20.5 -73.0 -10.5 19.0 -66.0 -15.0 0.2 0x0000FF
29.0 -81.0 -8.5 20.5 -73.0 -10.5 0.2 0x0000FF
32.5 -89.5 -8.5 29.0 -81.0 -8.5 0.2 0x0000FF
35.0 -99.0 -7.5 32.5 -89.5 -8.5 0.2 0x0000FF
40.0 -105.5 -13.0 35.0 -99.0 -7.5 0.2 0x0000FF
43.0 -115.5 -14.0 40.0 -105.5 -13.0 0.2 0x0000FF
47.0 -123.5 -15.0 43.0 -115.5 -14.0 0.2 0x0000FF
52.5 -133.5 -14.0 47.0 -123.5 -15.0 0.2 0x0000FF
53.5 -137.5 -17.0 52.5 -133.5 -14.0 0.2 0x0000FF
59.0 -143.0 -17.0 53.5 -137.5 -17.0 0.2 0x0000FF
62.0 -149.0 -17.0 59.0 -143.0 -17.0 0.2 0x0000FF
67.0 -153.0 -17.0 62.0 -149.0 -17.0 0.2 0x0000FF
71.5 -157.5 -17.0 67.0 -153.0 -17.0 0.15 0x0000FF
77.5 -158.5 -16.0 71.5 -157.5 -17.0 0.15 0x0000FF
77.5 -158.5 -17.0 77.5 -158.5 -16.0 0.15 0x0000FF
8.5 -20.5 -22.5 8.0 -13.0 -17.0 0.45 0x0000FF
8.5 -22.5 -23.5 8.5 -20.5 -22.5 0.45 0x0000FF
8.0 -28.5 -16.0 8.5 -22.5 -23.5 0.2 0x0000FF
8.0 -41.0 -17.0 8.0 -28.5 -16.0 0.2 0x0000FF
7.0 -47.0 -16.0 8.0 -41.0 -17.0 0.2 0x0000FF
7.5 -56.5 -14.0 7.0 -47.0 -16.0 0.2 0x0000FF
7.5 -61.5 -13.0 7.5 -56.5 -14.0 0.2 0x0000FF
6.5 -66.5 -13.0 7.5 -61.5 -13.0 0.2 0x0000FF
5.0 -76.0 -9.5 6.5 -66.5 -13.0 0.2 0x0000FF
2.0 -84.0 -9.5 5.0 -76.0 -9.5 0.2 0x0000FF
-0.5 -96.5 -9.5 2.0 -84.0 -9.5 0.2 0x0000FF
0.0 -105.5 -9.5 -0.5 -96.5 -9.5 0.2 0x0000FF
1.0 -112.5 -7.5 0.0 -105.5 -9.5 0.2 0x0000FF
-1.0 -119.5 -9.5 1.0 -112.5 -7.5 0.2 0x0000FF
-1.0 -124.0 -9.5 -1.0 -119.5 -9.5 0.2 0x0000FF
0.0 -132.5 -13.0 -1.0 -124.0 -9.5 0.2 0x0000FF
1.0 -134.5 -14.0 0.0 -132.5 -13.0 0.2 0x0000FF
1.5 -140.5 -14.0 1.0 -134.5 -14.0 0.2 0x0000FF
1.5 -144.0 -11.5 1.5 -140.5 -14.0 0.2 0x0000FF
9.0 -75.0 -16.0 7.5 -61.5 -13.0 0.2 0x0000FF
9.5 -83.5 -17.0 9.0 -75.0 -16.0 0.2 0x0000FF
12.0 -99.0 -16.0 9.5 -83.5 -17.0 0.2 0x0000FF
14.5 -109.5 -16.0 12.0 -99.0 -16.0 0.2 0x0000FF
17.0 -118.5 -16.0 14.5 -109.5 -16.0 0.2 0x0000FF
22.5 -130.0 -14.0 17.0 -118.5 -16.0 0.2 0x0000FF
25.0 -135.0 -16.0 22.5 -130.0 -14.0 0.2 0x0000FF
27.5 -139.5 -20.5 25.0 -135.0 -16.0 0.2 0x0000FF
30.0 -142.0 -20.5 27.5 -139.5 -20.5 0.2 0x0000FF
33.5 -146.0 -17.0 30.0 -142.0 -20.5 0.2 0x0000FF
39.5 -150.5 -19.5 33.5 -146.0 -17.0 0.2 0x0000FF
40.0 -152.0 -20.5 39.5 -150.5 -19.5 0.2 0x0000FF
13.5 -24.0 -30.0 8.5 -22.5 -23.5 0.3 0x0000FF
19.5 -27.0 -29.0 13.5 -24.0 -30.0 0.3 0x0000FF
23.5 -29.5 -34.5 19.5 -27.0 -29.0 0.3 0x0000FF
26.0 -32.0 -33.5 23.5 -29.5 -34.5 0.3 0x0000FF
29.5 -40.0 -33.5 26.0 -32.0 -33.5 0.2 0x0000FF
32.5 -48.0 -33.5 29.5 -40.0 -33.5 0.2 0x0000FF
34.0 -55.5 -32.5 32.5 -48.0 -33.5 0.2 0x0000FF
35.5 -63.0 -32.5 34.0 -55.5 -32.5 0.2 0x0000FF
36.5 -71.5 -32.5 35.5 -63.0 -32.5 0.2 0x0000FF
38.5 -79.5 -32.5 36.5 -71.5 -32.5 0.2 0x0000FF
41.5 -84.0 -30.0 38.5 -79.5 -32.5 0.2 0x0000FF
45.5 -93.0 -34.5 41.5 -84.0 -30.0 0.2 0x0000FF
49.5 -102.5 -32.5 45.5 -93.0 -34.5 0.2 0x0000FF
51.5 -109.0 -36.5 49.5 -102.5 -32.5 0.2 0x0000FF
51.0 -113.5 -40.0 51.5 -109.0 -36.5 0.2 0x0000FF
53.5 -122.0 -39.0 51.0 -113.5 -40.0 0.2 0x0000FF
55.0 -130.0 -45.5 53.5 -122.0 -39.0 0.2 0x0000FF
56.5 -138.0 -46.5 55.0 -130.0 -45.5 0.2 0x0000FF
60.0 -143.0 -42.0 56.5 -138.0 -46.5 0.2 0x0000FF
64.0 -145.5 -44.0 60.0 -143.0 -42.0 0.2 0x0000FF
69.0 -148.5 -42.0 64.0 -145.5 -44.0 0.2 0x0000FF
74.5 -152.5 -46.5 69.0 -148.5 -42.0 0.2 0x0000FF
29.0 -32.5 -30.0 26.0 -32.0 -33.5 0.2 0x0000FF
30.5 -35.0 -36.5 29.0 -32.5 -30.0 0.2 0x0000FF
32.0 -47.0 -36.5 30.5 -35.0 -36.5 0.2 0x0000FF
31.0 -51.0 -36.5 32.0 -47.0 -36.5 0.2 0x0000FF
32.0 -64.5 -36.5 31.0 -51.0 -36.5 0.2 0x0000FF
32.5 -70.5 -36.5 32.0 -64.5 -36.5 0.2 0x0000FF
33.0 -79.5 -36.5 32.5 -70.5 -36.5 0.2 0x0000FF
35.0 -85.0 -33.5 33.0 -79.5 -36.5 0.2 0x0000FF
39.5 -90.0 -32.5 35.0 -85.0 -33.5 0.2 0x0000FF
40.5 -93.5 -4.0 39.5 -90.0 -32.5 0.2 0x0000FF
40.5 -97.0 -4.0 40.5 -93.5 -4.0 0.2 0x0000FF
39.5 -103.0 -4.0 40.5 -97.0 -4.0 0.2 0x0000FF
38.5 -108.0 -4.0 39.5 -103.0 -4.0 0.2 0x0000FF
38.5 -112.0 -4.0 38.5 -108.0 -4.0 0.2 0x0000FF
37.5 -120.5 6.5 38.5 -112.0 -4.0 0.2 0x0000FF
36.5 -38.5 -36.5 30.5 -35.0 -36.5 0.2 0x0000FF
43.0 -42.5 -43.0 36.5 -38.5 -36.5 0.2 0x0000FF
46.5 -44.0 -48.5 43.0 -42.5 -43.0 0.2 0x0000FF
56.0 -47.0 -47.5 46.5 -44.0 -48.5 0.15 0x0000FF
60.5 -51.5 -48.5 56.0 -47.0 -47.5 0.15 0x0000FF
64.5 -57.5 -49.5 60.5 -51.5 -48.5 0.15 0x0000FF
73.5 -68.0 -55.0 64.5 -57.5 -49.5 0.15 0x0000FF
84.0 -72.5 -60.5 73.5 -68.0 -55.0 0.15 0x0000FF
89.0 -73.5 -60.5 84.0 -72.5 -60.5 0.15 0x0000FF
51.5 -48.5 -47.5 46.5 -44.0 -48.5 0.2 0x0000FF
56.5 -53.0 -48.5 51.5 -48.5 -47.5 0.2 0x0000FF
61.5 -56.5 -47.5 56.5 -53.0 -48.5 0.2 0x0000FF
65.5 -64.0 -47.5 61.5 -56.5 -47.5 0.2 0x0000FF
70.5 -69.0 -47.5 65.5 -64.0 -47.5 0.2 0x0000FF
76.5 -73.0 -47.5 70.5 -69.0 -47.5 0.2 0x0000FF
84.0 -76.5 -48.5 76.5 -73.0 -47.5 0.2 0x0000FF
91.5 -81.5 -49.5 84.0 -76.5 -48.5 0.2 0x0000FF
97.0 -85.0 -56.0 91.5 -81.5 -49.5 0.2 0x0000FF
100.0 -87.5 -54.0 97.0 -85.0 -56.0 0.2 0x0000FF
104.5 -91.5 -53.0 100.0 -87.5 -54.0 0.2 0x0000FF
110.0 -94.0 -48.5 104.5 -91.5 -53.0 0.2 0x0000FF
115.0 -96.0 -49.5 110.0 -94.0 -48.5 0.2 0x0000FF
119.5 -99.0 -52.0 115.0 -96.0 -49.5 0.2 0x0000FF
122.5 -104.0 -54.0 119.5 -99.0 -52.0 0.2 0x0000FF
127.5 -110.0 -53.0 122.5 -104.0 -54.0 0.2 0x0000FF
131.0 -115.0 -53.0 127.5 -110.0 -53.0 0.2 0x0000FF
135.0 -121.5 -50.5 131.0 -115.0 -53.0 0.2 0x0000FF
138.0 -128.0 -49.5 135.0 -121.5 -50.5 0.2 0x0000FF
140.5 -134.0 -50.5 138.0 -128.0 -49.5 0.2 0x0000FF
142.0 -140.0 -48.5 140.5 -134.0 -50.5 0.2 0x0000FF
141.0 -150.0 -50.5 142.0 -140.0 -48.5 0.2 0x0000FF
-2.5 0.0 0.0 5.12 16.22 -6.79 1.2 0x0000FF
-6.5 -2.0 0.0 -2.5 0.0 0.0 1.2 0x0000FF
-9.5 -6.5 3.0 -6.5 -2.0 0.0 1.2 0x0000FF
-13.5 -8.0 3.0 -9.5 -6.5 3.0 0.7 0x0000FF
-17.5 -10.0 3.0 -13.5 -8.0 3.0 0.7 0x0000FF
-21.5 -13.0 4.0 -17.5 -10.0 3.0 0.6 0x0000FF
-23.5 -14.5 3.0 -21.5 -13.0 4.0 0.6 0x0000FF
-24.5 -15.0 3.0 -23.5 -14.5 3.0 0.6 0x0000FF
-27.5 -16.0 3.0 -24.5 -15.0 3.0 0.45 0x0000FF
-32.5 -17.5 3.0 -27.5 -16.0 3.0 0.45 0x0000FF
-35.5 -19.0 10.5 -32.5 -17.5 3.0 0.45 0x0000FF
-36.0 -20.0 10.5 -35.5 -19.0 10.5 0.45 0x0000FF
-36.5 -20.0 10.5 -36.0 -20.0 10.5 0.45 0x0000FF
-38.5 -20.5 8.5 -36.5 -20.0 10.5 0.3 0x0000FF
-41.0 -19.5 18.0 -38.5 -20.5 8.5 0.3 0x0000FF
-45.5 -20.0 20.5 -41.0 -19.5 18.0 0.3 0x0000FF
-46.0 -22.0 21.5 -45.5 -20.0 20.5 0.3 0x0000FF
-49.5 -22.0 26.0 -46.0 -22.0 21.5 0.3 0x0000FF
-51.5 -22.0 29.0 -49.5 -22.0 26.0 0.3 0x0000FF
-53.5 -22.5 36.5 -51.5 -22.0 29.0 0.3 0x0000FF
-57.0 -22.5 36.5 -53.5 -22.5 36.5 0.3 0x0000FF
-60.0 -24.0 34.5 -57.0 -22.5 36.5 0.3 0x0000FF
-60.0 -24.5 34.5 -60.0 -24.0 34.5 0.3 0x0000FF
-39.5 -24.5 7.5 -36.5 -20.0 10.5 0.2 0x0000FF
-40.5 -28.5 7.5 -39.5 -24.5 7.5 0.2 0x0000FF
-43.5 -34.0 8.5 -40.5 -28.5 7.5 0.2 0x0000FF
-46.0 -38.5 3.0 -43.5 -34.0 8.5 0.2 0x0000FF
-51.0 -41.0 2.0 -46.0 -38.5 3.0 0.2 0x0000FF
-54.0 -46.5 2.0 -51.0 -41.0 2.0 0.2 0x0000FF
-57.0 -51.5 0.0 -54.0 -46.5 2.0 0.2 0x0000FF
-57.5 -54.0 2.0 -57.0 -51.5 0.0 0.2 0x0000FF
-60.0 -56.5 0.0 -57.5 -54.0 2.0 0.2 0x0000FF
-66.0 -60.5 0.0 -60.0 -56.5 0.0 0.2 0x0000FF
-70.0 -68.0 -2.0 -66.0 -60.5 0.0 0.2 0x0000FF
-70.5 -70.5 -3.0 -70.0 -68.0 -2.0 0.2 0x0000FF
-73.5 -77.0 0.0 -70.5 -70.5 -3.0 0.2 0x0000FF
-74.5 -81.5 3.0 -73.5 -77.0 0.0 0.2 0x0000FF
-78.0 -86.5 3.0 -74.5 -81.5 3.0 0.2 0x0000FF
-82.5 -92.5 -1.0 -78.0 -86.5 3.0 0.2 0x0000FF
-83.0 -96.5 -3.0 -82.5 -92.5 -1.0 0.2 0x0000FF
-85.0 -102.0 -4.0 -83.0 -96.5 -3.0 0.2 0x0000FF
-88.0 -106.0 2.0 -85.0 -102.0 -4.0 0.2 0x0000FF
-91.0 -110.0 2.0 -88.0 -106.0 2.0 0.2 0x0000FF
-92.5 -113.0 2.0 -91.0 -110.0 2.0 0.2 0x0000FF
-97.0 -115.0 -2.0 -92.5 -113.0 2.0 0.2 0x0000FF
-104.0 -118.0 -2.0 -97.0 -115.0 -2.0 0.15 0x0000FF
-106.5 -119.0 -1.0 -104.0 -118.0 -2.0 0.15 0x0000FF
-41.5 -22.5 10.5 -36.0 -20.0 10.5 0.3 0x0000FF
-44.0 -25.0 14.0 -41.5 -22.5 10.5 0.3 0x0000FF
-47.0 -28.0 16.0 -44.0 -25.0 14.0 0.3 0x0000FF
-49.5 -29.5 17.0 -47.0 -28.0 16.0 0.3 0x0000FF
-53.0 -32.0 17.0 -49.5 -29.5 17.0 0.2 0x0000FF
-56.0 -36.0 21.5 -53.0 -32.0 17.0 0.2 0x0000FF
-61.5 -34.5 21.5 -56.0 -36.0 21.5 0.2 0x0000FF
-65.5 -34.5 22.5 -61.5 -34.5 21.5 0.2 0x0000FF
-70.0 -36.5 24.5 -65.5 -34.5 22.5 0.2 0x0000FF
-73.0 -39.0 23.5 -70.0 -36.5 24.5 0.2 0x0000FF
-77.0 -39.0 21.5 -73.0 -39.0 23.5 0.2 0x0000FF
-79.5 -38.5 28.0 -77.0 -39.0 21.5 0.2 0x0000FF
-83.0 -39.0 30.0 -79.5 -38.5 28.0 0.2 0x0000FF
-84.5 -39.5 29.0 -83.0 -39.0 30.0 0.2 0x0000FF
-87.0 -40.0 33.5 -84.5 -39.5 29.0 0.2 0x0000FF
-91.0 -41.0 32.5 -87.0 -40.0 33.5 0.2 0x0000FF
-95.5 -41.5 34.5 -91.0 -41.0 32.5 0.2 0x0000FF
-97.5 -44.0 33.5 -95.5 -41.5 34.5 0.2 0x0000FF
-103.5 -43.5 35.5 -97.5 -44.0 33.5 0.2 0x0000FF
-105.5 -43.0 33.5 -103.5 -43.5 35.5 0.2 0x0000FF
-109.5 -42.5 32.5 -105.5 -43.0 33.5 0.2 0x0000FF
-114.0 -43.0 34.5 -109.5 -42.5 32.5 0.2 0x0000FF
-118.5 -45.0 35.5 -114.0 -43.0 34.5 0.2 0x0000FF
-124.0 -46.0 40.0 -118.5 -45.0 35.5 0.2 0x0000FF
-126.5 -48.0 39.0 -124.0 -46.0 40.0 0.2 0x0000FF
-135.0 -48.0 39.0 -126.5 -48.0 39.0 0.2 0x0000FF
-138.0 -49.0 41.0 -135.0 -48.0 39.0 0.2 0x0000FF
-146.0 -51.5 46.5 -138.0 -49.0 41.0 0.2 0x0000FF
-146.0 -51.5 45.5 -146.0 -51.5 46.5 0.2 0x0000FF
-59.5 -42.5 21.5 -56.0 -36.0 21.5 0.2 0x0000FF
-64.0 -47.5 23.5 -59.5 -42.5 21.5 0.2 0x0000FF
-67.5 -51.0 23.5 -64.0 -47.5 23.5 0.2 0x0000FF
-70.5 -54.5 26.0 -67.5 -51.0 23.5 0.2 0x0000FF
-77.0 -59.0 27.0 -70.5 -54.5 26.0 0.2 0x0000FF
-80.0 -62.0 24.5 -77.0 -59.0 27.0 0.2 0x0000FF
-84.0 -64.0 29.0 -80.0 -62.0 24.5 0.2 0x0000FF
-86.0 -68.0 33.5 -84.0 -64.0 29.0 0.2 0x0000FF
-91.0 -74.5 33.5 -86.0 -68.0 33.5 0.2 0x0000FF
-95.0 -82.5 34.5 -91.0 -74.5 33.5 0.2 0x0000FF
-96.5 -88.0 34.5 -95.0 -82.5 34.5 0.2 0x0000FF
-100.0 -93.0 42.0 -96.5 -88.0 34.5 0.2 0x0000FF
-102.5 -95.0 40.0 -100.0 -93.0 42.0 0.2 0x0000FF
-104.5 -98.0 39.0 -102.5 -95.0 40.0 0.2 0x0000FF
-105.0 -99.5 40.0 -104.5 -98.0 39.0 0.2 0x0000FF
-51.0 -36.5 16.0 -49.5 -29.5 17.0 0.2 0x0000FF
-52.0 -47.0 21.5 -51.0 -36.5 16.0 0.2 0x0000FF
-54.5 -55.0 22.5 -52.0 -47.0 21.5 0.2 0x0000FF
-56.0 -60.5 24.5 -54.5 -55.0 22.5 0.2 0x0000FF
-58.5 -74.0 27.0 -56.0 -60.5 24.5 0.2 0x0000FF
-59.5 -85.5 26.0 -58.5 -74.0 27.0 0.2 0x0000FF
-61.5 -92.0 33.5 -59.5 -85.5 26.0 0.2 0x0000FF
-64.0 -97.0 33.5 -61.5 -92.0 33.5 0.2 0x0000FF
-65.0 -102.0 35.5 -64.0 -97.0 33.5 0.2 0x0000FF
-66.0 -106.5 35.5 -65.0 -102.0 35.5 0.2 0x0000FF
-68.0 -110.0 40.0 -66.0 -106.5 35.5 0.2 0x0000FF
-67.0 -114.0 36.5 -68.0 -110.0 40.0 0.2 0x0000FF
-68.5 -119.5 37.5 -67.0 -114.0 36.5 0.2 0x0000FF
-68.0 -123.0 34.5 -68.5 -119.5 37.5 0.2 0x0000FF
-67.5 -129.5 41.0 -68.0 -123.0 34.5 0.2 0x0000FF
-66.0 -132.5 41.0 -67.5 -129.5 41.0 0.2 0x0000FF
-63.0 -136.0 42.0 -66.0 -132.5 41.0 0.2 0x0000FF
-61.0 -139.0 45.5 -63.0 -136.0 42.0 0.2 0x0000FF
-61.5 -142.5 41.0 -61.0 -139.0 45.5 0.2 0x0000FF
-60.5 -146.5 47.5 -61.5 -142.5 41.0 0.2 0x0000FF
-60.5 -146.5 48.5 -60.5 -146.5 47.5 0.2 0x0000FF
-28.0 -20.0 2.0 -24.5 -15.0 3.0 0.3 0x0000FF
-28.5 -23.0 3.0 -28.0 -20.0 2.0 0.3 0x0000FF
-28.5 -26.5 3.0 -28.5 -23.0 3.0 0.3 0x0000FF
-29.5 -30.5 1.0 -28.5 -26.5 3.0 0.3 0x0000FF
-32.0 -32.0 1.0 -29.5 -30.5 1.0 0.3 0x0000FF
-33.0 -33.5 -1.0 -32.0 -32.0 1.0 0.2 0x0000FF
-34.0 -38.0 -3.0 -33.0 -33.5 -1.0 0.2 0x0000FF
-37.0 -40.5 -3.0 -34.0 -38.0 -3.0 0.2 0x0000FF
-42.0 -43.0 -3.0 -37.0 -40.5 -3.0 0.2 0x0000FF
-43.5 -45.0 -6.5 -42.0 -43.0 -3.0 0.2 0x0000FF
-47.5 -49.0 -10.5 -43.5 -45.0 -6.5 0.2 0x0000FF
-53.0 -54.5 -15.0 -47.5 -49.0 -10.5 0.2 0x0000FF
-56.0 -61.0 -14.0 -53.0 -54.5 -15.0 0.2 0x0000FF
-60.5 -65.5 -13.0 -56.0 -61.0 -14.0 0.2 0x0000FF
-64.5 -66.5 -10.5 -60.5 -65.5 -13.0 0.2 0x0000FF
-66.0 -73.5 -9.5 -64.5 -66.5 -10.5 0.2 0x0000FF
-69.0 -76.0 -13.0 -66.0 -73.5 -9.5 0.2 0x0000FF
-72.0 -80.5 -16.0 -69.0 -76.0 -13.0 0.2 0x0000FF
-79.5 -94.5 -23.5 -72.0 -80.5 -16.0 0.2 0x0000FF
-80.0 -99.0 -26.0 -79.5 -94.5 -23.5 0.2 0x0000FF
-83.0 -100.5 -27.0 -80.0 -99.0 -26.0 0.2 0x0000FF
-88.0 -106.5 -31.0 -83.0 -100.5 -27.0 0.2 0x0000FF
-89.5 -110.0 -31.0 -88.0 -106.5 -31.0 0.2 0x0000FF
-94.5 -118.0 -30.0 -89.5 -110.0 -31.0 0.2 0x0000FF
-33.5 -37.5 6.5 -32.0 -32.0 1.0 0.2 0x0000FF
-36.5 -41.5 5.0 -33.5 -37.5 6.5 0.2 0x0000FF
-37.5 -48.5 5.0 -36.5 -41.5 5.0 0.2 0x0000FF
-42.0 -51.5 3.0 -37.5 -48.5 5.0 0.2 0x0000FF
-42.0 -58.5 2.0 -42.0 -51.5 3.0 0.2 0x0000FF
-43.0 -62.0 8.5 -42.0 -58.5 2.0 0.2 0x0000FF
-44.5 -68.5 8.5 -43.0 -62.0 8.5 0.2 0x0000FF
-53.0 -79.5 16.0 -44.5 -68.5 8.5 0.2 0x0000FF
-54.0 -85.5 18.0 -53.0 -79.5 16.0 0.2 0x0000FF
-58.5 -93.0 18.0 -54.0 -85.5 18.0 0.2 0x0000FF
-61.0 -101.0 17.0 -58.5 -93.0 18.0 0.2 0x0000FF
-65.0 -107.5 18.0 -61.0 -101.0 17.0 0.2 0x0000FF
-65.5 -112.5 17.0 -65.0 -107.5 18.0 0.2 0x0000FF
-65.0 -117.5 19.5 -65.5 -112.5 17.0 0.2 0x0000FF
-67.5 -123.0 18.0 -65.0 -117.5 19.5 0.2 0x0000FF
-67.5 -123.0 19.5 -67.5 -123.0 18.0 0.2 0x0000FF
-38.0 -50.5 3.0 -36.5 -41.5 5.0 0.2 0x0000FF
-39.0 -55.5 3.0 -38.0 -50.5 3.0 0.2 0x0000FF
-41.0 -59.0 3.0 -39.0 -55.5 3.0 0.2 0x0000FF
-44.5 -61.5 4.0 -41.0 -59.0 3.0 0.2 0x0000FF
-45.5 -65.5 4.0 -44.5 -61.5 4.0 0.2 0x0000FF
-49.0 -74.0 2.0 -45.5 -65.5 4.0 0.2 0x0000FF
-50.0 -78.5 4.0 -49.0 -74.0 2.0 0.2 0x0000FF
-52.0 -84.5 4.0 -50.0 -78.5 4.0 0.2 0x0000FF
-53.5 -92.5 5.0 -52.0 -84.5 4.0 0.2 0x0000FF
-52.5 -101.5 1.0 -53.5 -92.5 5.0 0.2 0x0000FF
-53.0 -105.0 0.0 -52.5 -101.5 1.0 0.2 0x0000FF
-51.0 -109.5 3.0 -53.0 -105.0 0.0 0.2 0x0000FF
-52.0 -112.5 -4.0 -51.0 -109.5 3.0 0.2 0x0000FF
-52.0 -115.0 -3.0 -52.0 -112.5 -4.0 0.2 0x0000FF
-51.5 -121.5 -4.0 -52.0 -115.0 -3.0 0.2 0x0000FF
-54.0 -125.0 -4.0 -51.5 -121.5 -4.0 0.2 0x0000FF
-59.5 -128.0 -9.5 -54.0 -125.0 -4.0 0.2 0x0000FF
-58.5 -133.5 -9.5 -59.5 -128.0 -9.5 0.2 0x0000FF
-57.0 -138.0 -6.5 -58.5 -133.5 -9.5 0.2 0x0000FF
-58.0 -142.5 -8.5 -57.0 -138.0 -6.5 0.2 0x0000FF
-53.0 -144.5 -8.5 -58.0 -142.5 -8.5 0.2 0x0000FF
-49.0 -148.0 -7.5 -53.0 -144.5 -8.5 0.2 0x0000FF
-44.5 -154.0 -9.5 -49.0 -148.0 -7.5 0.15 0x0000FF
-26.0 -33.5 2.0 -28.5 -26.5 3.0 0.2 0x0000FF
-25.5 -42.5 4.0 -26.0 -33.5 2.0 0.2 0x0000FF
-27.5 -49.0 5.0 -25.5 -42.5 4.0 0.2 0x0000FF
-27.5 -52.0 4.0 -27.5 -49.0 5.0 0.2 0x0000FF
-29.0 -58.5 6.5 -27.5 -52.0 4.0 0.2 0x0000FF
-30.0 -65.5 6.5 -29.0 -58.5 6.5 0.2 0x0000FF
-33.5 -75.0 6.5 -30.0 -65.5 6.5 0.2 0x0000FF
-34.5 -82.0 2.0 -33.5 -75.0 6.5 0.2 0x0000FF
-35.5 -87.5 3.0 -34.5 -82.0 2.0 0.2 0x0000FF
-37.0 -92.0 2.0 -35.5 -87.5 3.0 0.2 0x0000FF
-38.0 -96.5 2.0 -37.0 -92.0 2.0 0.2 0x0000FF
-39.0 -102.0 2.0 -38.0 -96.5 2.0 0.2 0x0000FF
-40.0 -106.5 4.0 -39.0 -102.0 2.0 0.2 0x0000FF
-41.0 -110.0 3.0 -40.0 -106.5 4.0 0.2 0x0000FF
-42.5 -119.5 0.0 -41.0 -110.0 3.0 0.2 0x0000FF
-44.0 -126.0 0.0 -42.5 -119.5 0.0 0.2 0x0000FF
-43.5 -134.0 0.0 -44.0 -126.0 0.0 0.2 0x0000FF
-43.5 -134.0 1.0 -43.5 -134.0 0.0 0.2 0x0000FF
-10.0 -10.5 5.0 -9.5 -6.5 3.0 0.3 0x0000FF
-10.5 -14.0 4.0 -10.0 -10.5 5.0 0.3 0x0000FF
-11.5 -19.5 10.5 -10.5 -14.0 4.0 0.3 0x0000FF
-12.5 -25.0 15.0 -11.5 -19.5 10.5 0.3 0x0000FF
-14.5 -29.5 20.5 -12.5 -25.0 15.0 0.3 0x0000FF
-16.5 -33.5 22.5 -14.5 -29.5 20.5 0.3 0x0000FF
-16.0 -35.5 22.5 -16.5 -33.5 22.5 0.3 0x0000FF
-16.5 -39.0 28.0 -16.0 -35.5 22.5 0.2 0x0000FF
-20.5 -46.0 28.0 -16.5 -39.0 28.0 0.2 0x0000FF
-22.5 -51.0 31.0 -20.5 -46.0 28.0 0.2 0x0000FF
-23.5 -55.0 31.0 -22.5 -51.0 31.0 0.2 0x0000FF
-24.0 -59.0 31.0 -23.5 -55.0 31.0 0.2 0x0000FF
-26.5 -66.0 33.5 -24.0 -59.0 31.0 0.2 0x0000FF
-28.0 -73.0 36.5 -26.5 -66.0 33.5 0.2 0x0000FF
-29.5 -78.0 41.0 -28.0 -73.0 36.5 0.2 0x0000FF
-30.5 -82.0 42.0 -29.5 -78.0 41.0 0.2 0x0000FF
-31.5 -88.0 40.0 -30.5 -82.0 42.0 0.2 0x0000FF
-32.5 -91.5 40.0 -31.5 -88.0 40.0 0.2 0x0000FF
-33.0 -95.0 40.0 -32.5 -91.5 40.0 0.2 0x0000FF
-32.5 -101.5 44.0 -33.0 -95.0 40.0 0.2 0x0000FF
-32.0 -107.0 46.5 -32.5 -101.5 44.0 0.2 0x0000FF
-30.0 -112.0 46.5 -32.0 -107.0 46.5 0.2 0x0000FF
-30.0 -120.5 41.0 -30.0 -112.0 46.5 0.2 0x0000FF
-29.0 -126.5 41.0 -30.0 -120.5 41.0 0.2 0x0000FF
-32.5 -131.5 41.0 -29.0 -126.5 41.0 0.2 0x0000FF
-17.5 -44.5 21.5 -16.0 -35.5 22.5 0.2 0x0000FF
-19.0 -50.5 24.5 -17.5 -44.5 21.5 0.2 0x0000FF
-18.0 -55.5 23.5 -19.0 -50.5 24.5 0.2 0x0000FF
-19.0 -59.5 23.5 -18.0 -55.5 23.5 0.2 0x0000FF
-21.0 -63.5 23.5 -19.0 -59.5 23.5 0.2 0x0000FF
-22.0 -69.0 24.5 -21.0 -63.5 23.5 0.2 0x0000FF
-22.5 -73.0 22.5 -22.0 -69.0 24.5 0.2 0x0000FF
-23.5 -79.0 23.5 -22.5 -73.0 22.5 0.2 0x0000FF
-24.5 -84.0 24.5 -23.5 -79.0 23.5 0.2 0x0000FF
-27.5 -97.0 20.5 -24.5 -84.0 24.5 0.2 0x0000FF
-29.0 -105.0 26.0 -27.5 -97.0 20.5 0.2 0x0000FF
-30.0 -111.0 26.0 -29.0 -105.0 26.0 0.2 0x0000FF
-32.0 -117.5 26.0 -30.0 -111.0 26.0 0.2 0x0000FF
-29.0 -122.5 24.5 -32.0 -117.5 26.0 0.2 0x0000FF
-28.5 -129.0 26.0 -29.0 -122.5 24.5 0.2 0x0000FF
-28.5 -131.5 26.0 -28.5 -129.0 26.0 0.2 0x0000FF
-29.5 -138.0 23.5 -28.5 -131.5 26.0 0.2 0x0000FF
-30.0 -140.0 22.5 -29.5 -138.0 23.5 0.2 0x0000FF
-20.5 -66.0 27.0 -19.0 -59.5 23.5 0.2 0x0000FF
-20.5 -70.0 28.0 -20.5 -66.0 27.0 0.2 0x0000FF
-22.0 -76.5 28.0 -20.5 -70.0 28.0 0.2 0x0000FF
-23.5 -83.5 29.0 -22.0 -76.5 28.0 0.2 0x0000FF
-24.0 -91.0 29.0 -23.5 -83.5 29.0 0.2 0x0000FF
-24.0 -96.5 32.5 -24.0 -91.0 29.0 0.2 0x0000FF
-25.5 -103.5 35.5 -24.0 -96.5 32.5 0.2 0x0000FF
-26.5 -109.5 35.5 -25.5 -103.5 35.5 0.2 0x0000FF
-28.0 -116.5 43.0 -26.5 -109.5 35.5 0.2 0x0000FF
-29.0 -120.5 42.0 -28.0 -116.5 43.0 0.2 0x0000FF
-33.5 -126.5 41.0 -29.0 -120.5 42.0 0.2 0x0000FF
